,id,recording,site,year,month,species,songtype,x1,x2,y1,y2,validated,uri,datetime,meta,score,site_id
0,168157356,MON_20191019_190000.p2.flac,Angachilla,2019,10,Agelasticus thilius,Alternative Song,29.14684807256236,30.580680272108843,1205.859375,7235.15625,present,https://s3.amazonaws.com/arbimon2/project_2770/detections/10440/0_247.png,1571511660000,,0.1004634909519142,22306
1,168157487,MON_20191020_110000.p3.flac,Angachilla,2019,10,Agelasticus thilius,Alternative Song,6.368072562358277,7.801904761904762,1205.859375,7235.15625,present,https://s3.amazonaws.com/arbimon2/project_2770/detections/10440/0_378.png,1571569320000,,0.2157362010760142,22306
2,168157480,MON_20191020_110000.p5.flac,Angachilla,2019,10,Agelasticus thilius,Alternative Song,9.479546485260771,10.913378684807256,1205.859375,7235.15625,present,https://s3.amazonaws.com/arbimon2/project_2770/detections/10440/0_371.png,1571569440000,,0.2227587911970631,22306
3,168157485,MON_20191020_110000.p3.flac,Angachilla,2019,10,Agelasticus thilius,Alternative Song,51.68761904761904,53.12145124716553,1205.859375,7235.15625,present,https://s3.amazonaws.com/arbimon2/project_2770/detections/10440/0_376.png,1571569320000,,0.2254475729130713,22306
4,168157482,MON_20191020_110000.p4.flac,Angachilla,2019,10,Agelasticus thilius,Alternative Song,57.96861678004535,59.40244897959184,1205.859375,7235.15625,present,https://s3.amazonaws.com/arbimon2/project_2770/detections/10440/0_373.png,1571569380000,,0.2391864595136253,22306
5,168157479,MON_20191020_110000.p5.flac,Angachilla,2019,10,Agelasticus thilius,Alternative Song,36.53659863945578,37.97043083900227,1205.859375,7235.15625,present,https://s3.amazonaws.com/arbimon2/project_2770/detections/10440/0_370.png,1571569440000,,0.2441357280117144,22306
6,168157738,MON_20191021_170000.p5.flac,Angachilla,2019,10,Agelasticus thilius,Alternative Song,3.732607709750567,5.166439909297052,1205.859375,7235.15625,present,https://s3.amazonaws.com/arbimon2/project_2770/detections/10440/1_83.png,1571677440000,,0.167830117873082,22306
7,168157734,MON_20191021_170000.p4.flac,Angachilla,2019,10,Agelasticus thilius,Alternative Song,35.84,37.27383219954648,1205.859375,7235.15625,present,https://s3.amazonaws.com/arbimon2/project_2770/detections/10440/1_79.png,1571677380000,,0.2426271731379335,22306
8,168157704,MON_20191021_150000.p3.flac,Angachilla,2019,10,Agelasticus thilius,Alternative Song,25.988934240362813,27.422766439909296,1205.859375,7235.15625,present,https://s3.amazonaws.com/arbimon2/project_2770/detections/10440/1_49.png,1571670120000,,0.2436391244930788,22306
9,168157701,MON_20191021_150000.p2.flac,Angachilla,2019,10,Agelasticus thilius,Alternative Song,50.60208616780045,52.03591836734694,1205.859375,7235.15625,present,https://s3.amazonaws.com/arbimon2/project_2770/detections/10440/1_46.png,1571670060000,,0.2987331451708092,22306
10,168157990,MON_20191022_200000.p4.flac,Angachilla,2019,10,Agelasticus thilius,Alternative Song,37.38993197278912,38.8237641723356,1205.859375,7235.15625,present,https://s3.amazonaws.com/arbimon2/project_2770/detections/10440/1_335.png,1571774580000,,0.1657368895703988,22306
11,168158099,MON_20191023_110000.p1.flac,Angachilla,2019,10,Agelasticus thilius,Alternative Song,14.55891156462585,15.992743764172335,1205.859375,7235.15625,present,https://s3.amazonaws.com/arbimon2/project_2770/detections/10440/1_444.png,1571828400000,,0.1748624196637239,22306
12,168158032,MON_20191023_060000.p4.flac,Angachilla,2019,10,Agelasticus thilius,Alternative Song,31.306303854875285,32.74013605442177,1205.859375,7235.15625,present,https://s3.amazonaws.com/arbimon2/project_2770/detections/10440/1_377.png,1571810580000,,0.2345441474310129,22306
13,168156759,MON_20191024_190000.p2.flac,Angachilla,2019,10,Agelasticus thilius,Alternative Song,55.23446712018141,56.66829931972789,1205.859375,7235.15625,present,https://s3.amazonaws.com/arbimon2/project_2770/detections/10440/2_195.png,1571943660000,,0.1713937074635222,22306
14,168156769,MON_20191024_190000.p5.flac,Angachilla,2019,10,Agelasticus thilius,Alternative Song,12.72453514739229,14.158367346938777,1205.859375,7235.15625,present,https://s3.amazonaws.com/arbimon2/project_2770/detections/10440/2_205.png,1571943840000,,0.2000187351275343,22306
15,168156582,MON_20191024_060000.p4.flac,Angachilla,2019,10,Agelasticus thilius,Alternative Song,36.501768707483,37.93560090702948,1205.859375,7235.15625,present,https://s3.amazonaws.com/arbimon2/project_2770/detections/10440/2_18.png,1571896980000,,0.2238701613369992,22306
16,168156630,MON_20191024_090000.p5.flac,Angachilla,2019,10,Agelasticus thilius,Alternative Song,4.945850340136055,6.379682539682539,1205.859375,7235.15625,present,https://s3.amazonaws.com/arbimon2/project_2770/detections/10440/2_66.png,1571907840000,,0.2672343814582064,22306
17,168156762,MON_20191024_190000.p4.flac,Angachilla,2019,10,Agelasticus thilius,Alternative Song,10.832108843537416,12.2659410430839,1205.859375,7235.15625,present,https://s3.amazonaws.com/arbimon2/project_2770/detections/10440/2_198.png,1571943780000,,0.2693924465090516,22306
18,168156956,MON_20191025_170000.p2.flac,Angachilla,2019,10,Agelasticus thilius,Alternative Song,30.934784580498867,32.36861678004535,1205.859375,7235.15625,present,https://s3.amazonaws.com/arbimon2/project_2770/detections/10440/2_392.png,1572022860000,,0.2789152288891692,22306
19,168156955,MON_20191025_170000.p2.flac,Angachilla,2019,10,Agelasticus thilius,Alternative Song,12.26013605442177,13.693968253968254,1205.859375,7235.15625,present,https://s3.amazonaws.com/arbimon2/project_2770/detections/10440/2_391.png,1572022860000,,0.2842086873676272,22306
20,168156954,MON_20191025_170000.p2.flac,Angachilla,2019,10,Agelasticus thilius,Alternative Song,1.5499319727891157,2.9837641723356008,1205.859375,7235.15625,present,https://s3.amazonaws.com/arbimon2/project_2770/detections/10440/2_390.png,1572022860000,,0.2995732665573776,22306
21,168154040,MON_20191026_200000.p2.flac,Angachilla,2019,10,Agelasticus thilius,Alternative Song,19.783401360544214,21.217233560090705,1205.859375,7235.15625,present,https://s3.amazonaws.com/arbimon2/project_2770/detections/10440/3_116.png,1572120060000,,0.1634351691774141,22306
22,168154176,MON_20191027_120000.p5.flac,Angachilla,2019,10,Agelasticus thilius,Alternative Song,8.196643990929704,9.630476190476193,1205.859375,7235.15625,present,https://s3.amazonaws.com/arbimon2/project_2770/detections/10440/3_252.png,1572177840000,,0.249861635927533,22306
23,168155010,MON_20191029_200000.p3.flac,Angachilla,2019,10,Agelasticus thilius,Alternative Song,4.272471655328798,5.706303854875284,1205.859375,7235.15625,present,https://s3.amazonaws.com/arbimon2/project_2770/detections/10440/4_199.png,1572379320000,,0.2393583329258995,22306
24,168155073,MON_20191030_060000.p4.flac,Angachilla,2019,10,Agelasticus thilius,Alternative Song,1.5267120181405895,2.9605442176870747,1205.859375,7235.15625,present,https://s3.amazonaws.com/arbimon2/project_2770/detections/10440/4_262.png,1572415380000,,0.1641661968734309,22306
25,168155070,MON_20191030_060000.p2.flac,Angachilla,2019,10,Agelasticus thilius,Alternative Song,21.9892970521542,23.42312925170068,1205.859375,7235.15625,present,https://s3.amazonaws.com/arbimon2/project_2770/detections/10440/4_259.png,1572415260000,,0.1966237074917727,22306
26,168155068,MON_20191030_060000.p1.flac,Angachilla,2019,10,Agelasticus thilius,Alternative Song,20.427755102040816,21.861587301587303,1205.859375,7235.15625,present,https://s3.amazonaws.com/arbimon2/project_2770/detections/10440/4_257.png,1572415200000,,0.2056333094460865,22306
27,168155347,MON_20191031_060000.p1.flac,Angachilla,2019,10,Agelasticus thilius,Alternative Song,7.859954648526077,9.293786848072562,1205.859375,7235.15625,present,https://s3.amazonaws.com/arbimon2/project_2770/detections/10440/4_536.png,1572501600000,,0.2039924660299046,22306
28,168156415,MON_20191104_200000.p3.flac,Angachilla,2019,11,Agelasticus thilius,Alternative Song,13.624308390022676,15.05814058956916,1205.859375,7235.15625,present,https://s3.amazonaws.com/arbimon2/project_2770/detections/10440/6_411.png,1572897720000,,0.2413812461059403,22306
29,168156412,MON_20191104_200000.p2.flac,Angachilla,2019,11,Agelasticus thilius,Alternative Song,16.172698412698413,17.6065306122449,1205.859375,7235.15625,present,https://s3.amazonaws.com/arbimon2/project_2770/detections/10440/6_408.png,1572897660000,,0.2514709408093545,22306
30,168169466,MON_20191109_170000.p2.flac,Angachilla,2019,11,Agelasticus thilius,Alternative Song,35.96190476190476,37.39573696145125,1205.859375,7235.15625,present,https://s3.amazonaws.com/arbimon2/project_2770/detections/10440/8_402.png,1573318860000,,0.2360750719284339,22306
31,168169521,MON_20191109_200000.p5.flac,Angachilla,2019,11,Agelasticus thilius,Alternative Song,34.5512925170068,35.98512471655329,1205.859375,7235.15625,present,https://s3.amazonaws.com/arbimon2/project_2770/detections/10440/8_457.png,1573329840000,,0.338188790901305,22306
32,168169520,MON_20191109_200000.p5.flac,Angachilla,2019,11,Agelasticus thilius,Alternative Song,48.60517006802721,50.03900226757369,1205.859375,7235.15625,present,https://s3.amazonaws.com/arbimon2/project_2770/detections/10440/8_456.png,1573329840000,,0.3462743986628957,22306
33,168169515,MON_20191109_200000.p4.flac,Angachilla,2019,11,Agelasticus thilius,Alternative Song,46.27156462585034,47.705396825396825,1205.859375,7235.15625,present,https://s3.amazonaws.com/arbimon2/project_2770/detections/10440/8_451.png,1573329780000,,0.3676259090575814,22306
34,168169472,MON_20191109_170000.p5.flac,Angachilla,2019,11,Agelasticus thilius,Alternative Song,11.023673469387756,12.45750566893424,1205.859375,7235.15625,present,https://s3.amazonaws.com/arbimon2/project_2770/detections/10440/8_408.png,1573319040000,,0.3870638082198803,22306
35,168169514,MON_20191109_200000.p4.flac,Angachilla,2019,11,Agelasticus thilius,Alternative Song,29.599637188208614,31.0334693877551,1205.859375,7235.15625,present,https://s3.amazonaws.com/arbimon2/project_2770/detections/10440/8_450.png,1573329780000,,0.4044762985465505,22306
36,168169475,MON_20191109_170000.p4.flac,Angachilla,2019,11,Agelasticus thilius,Alternative Song,47.71120181405896,49.14503401360544,1205.859375,7235.15625,present,https://s3.amazonaws.com/arbimon2/project_2770/detections/10440/8_411.png,1573318980000,,0.9794050591698504,22306
37,168166960,MON_20191112_040000.p1.flac,Angachilla,2019,11,Agelasticus thilius,Alternative Song,1.2887074829931973,2.7225396825396824,1205.859375,7235.15625,present,https://s3.amazonaws.com/arbimon2/project_2770/detections/10440/9_417.png,1573531200000,,0.2253029838573444,22306
38,168171269,MON_20191116_190000.p5.flac,Angachilla,2019,11,Agelasticus thilius,Alternative Song,17.339501133786847,18.773333333333333,1205.859375,7235.15625,present,https://s3.amazonaws.com/arbimon2/project_2770/detections/10440/11_351.png,1573931040000,,0.2022863375919071,22306
39,168171105,MON_20191116_080000.p3.flac,Angachilla,2019,11,Agelasticus thilius,Alternative Song,37.401541950113376,38.83537414965986,1205.859375,7235.15625,present,https://s3.amazonaws.com/arbimon2/project_2770/detections/10440/11_187.png,1573891320000,,0.2373078309813166,22306
40,168173203,MON_20191122_180000.p3.flac,Angachilla,2019,11,Agelasticus thilius,Alternative Song,35.79356009070295,37.22739229024943,1205.859375,7235.15625,present,https://s3.amazonaws.com/arbimon2/project_2770/detections/10440/13_575.png,1574445720000,,0.1768218540185682,22306
41,168173149,MON_20191122_140000.p3.flac,Angachilla,2019,11,Agelasticus thilius,Alternative Song,50.82848072562359,52.26231292517007,1205.859375,7235.15625,present,https://s3.amazonaws.com/arbimon2/project_2770/detections/10440/13_521.png,1574431320000,,0.2123551248673709,22306
42,168158799,MON_20191127_210000.p1.flac,Angachilla,2019,11,Agelasticus thilius,Alternative Song,45.97551020408163,47.40934240362812,1205.859375,7235.15625,present,https://s3.amazonaws.com/arbimon2/project_2770/detections/10440/15_543.png,1574888400000,,0.2414344344983554,22306
43,168158606,MON_20191127_070000.p2.flac,Angachilla,2019,11,Agelasticus thilius,Alternative Song,31.66621315192744,33.10004535147392,1205.859375,7235.15625,present,https://s3.amazonaws.com/arbimon2/project_2770/detections/10440/15_350.png,1574838060000,,0.3044182505258074,22306
44,168163916,MON_20191128_110000.p2.flac,Angachilla,2019,11,Agelasticus thilius,Alternative Song,30.040816326530614,31.474648526077097,1205.859375,7235.15625,present,https://s3.amazonaws.com/arbimon2/project_2770/detections/10440/16_95.png,1574938860000,,0.1609666382606749,22306
45,168163921,MON_20191128_110000.p4.flac,Angachilla,2019,11,Agelasticus thilius,Alternative Song,25.86122448979592,27.2950566893424,1205.859375,7235.15625,present,https://s3.amazonaws.com/arbimon2/project_2770/detections/10440/16_100.png,1574938980000,,0.2277097008676538,22306
46,168164183,MON_20191129_180000.p5.flac,Angachilla,2019,11,Agelasticus thilius,Alternative Song,50.5556462585034,51.98947845804989,1205.859375,7235.15625,present,https://s3.amazonaws.com/arbimon2/project_2770/detections/10440/16_362.png,1575050640000,,0.1692758638331003,22306
47,168164174,MON_20191129_180000.p1.flac,Angachilla,2019,11,Agelasticus thilius,Alternative Song,44.72163265306123,46.15546485260771,1205.859375,7235.15625,present,https://s3.amazonaws.com/arbimon2/project_2770/detections/10440/16_353.png,1575050400000,,0.2003236056430668,22306
48,168164125,MON_20191129_120000.p4.flac,Angachilla,2019,11,Agelasticus thilius,Alternative Song,56.151655328798185,57.58548752834467,1205.859375,7235.15625,present,https://s3.amazonaws.com/arbimon2/project_2770/detections/10440/16_304.png,1575028980000,,0.227348692396121,22306
49,168164397,MON_20191130_140000.p5.flac,Angachilla,2019,11,Agelasticus thilius,Alternative Song,44.43138321995465,45.86521541950113,1205.859375,7235.15625,present,https://s3.amazonaws.com/arbimon2/project_2770/detections/10440/17_43.png,1575122640000,,0.3653802419938659,22306
50,168164396,MON_20191130_140000.p5.flac,Angachilla,2019,11,Agelasticus thilius,Alternative Song,33.99981859410431,35.43365079365079,1205.859375,7235.15625,present,https://s3.amazonaws.com/arbimon2/project_2770/detections/10440/17_42.png,1575122640000,,0.3746205852492707,22306
51,168164711,MON_20191201_200000.p2.flac,Angachilla,2019,12,Agelasticus thilius,Alternative Song,44.17015873015873,45.60399092970521,1205.859375,7235.15625,present,https://s3.amazonaws.com/arbimon2/project_2770/detections/10440/17_357.png,1575230460000,,0.183131878028265,22306
52,168179651,MON_20191203_180000.p5.flac,Angachilla,2019,12,Agelasticus thilius,Alternative Song,18.5643537414966,19.998185941043083,1205.859375,7235.15625,present,https://s3.amazonaws.com/arbimon2/project_2770/detections/10440/18_142.png,1575396240000,,0.2055302711970199,22306
53,168179885,MON_20191204_200000.p3.flac,Angachilla,2019,12,Agelasticus thilius,Alternative Song,33.36126984126984,34.795102040816325,1205.859375,7235.15625,present,https://s3.amazonaws.com/arbimon2/project_2770/detections/10440/18_376.png,1575489720000,,0.1008801219265876,22306
54,168179893,MON_20191204_200000.p4.flac,Angachilla,2019,12,Agelasticus thilius,Alternative Song,50.5730612244898,52.00689342403628,1205.859375,7235.15625,present,https://s3.amazonaws.com/arbimon2/project_2770/detections/10440/18_384.png,1575489780000,,0.1717935865842767,22306
55,168179886,MON_20191204_200000.p1.flac,Angachilla,2019,12,Agelasticus thilius,Alternative Song,57.51002267573696,58.94385487528345,1205.859375,7235.15625,present,https://s3.amazonaws.com/arbimon2/project_2770/detections/10440/18_377.png,1575489600000,,0.2200009836387453,22306
56,168179896,MON_20191204_210000.p1.flac,Angachilla,2019,12,Agelasticus thilius,Alternative Song,25.26331065759637,26.697142857142858,1205.859375,7235.15625,present,https://s3.amazonaws.com/arbimon2/project_2770/detections/10440/18_387.png,1575493200000,,0.2323436838303867,22306
57,168178783,MON_20191206_210000.p5.flac,Angachilla,2019,12,Agelasticus thilius,Alternative Song,23.42312925170068,24.85696145124717,1205.859375,7235.15625,present,https://s3.amazonaws.com/arbimon2/project_2770/detections/10440/19_380.png,1575666240000,,0.1651848524524324,22306
58,168178777,MON_20191206_210000.p2.flac,Angachilla,2019,12,Agelasticus thilius,Alternative Song,44.79709750566894,46.23092970521542,1205.859375,7235.15625,present,https://s3.amazonaws.com/arbimon2/project_2770/detections/10440/19_374.png,1575666060000,,0.1990033091662497,22306
59,168178664,MON_20191206_110000.p4.flac,Angachilla,2019,12,Agelasticus thilius,Alternative Song,33.18131519274377,34.61514739229025,1205.859375,7235.15625,present,https://s3.amazonaws.com/arbimon2/project_2770/detections/10440/19_261.png,1575630180000,,0.2087985835829181,22306
60,168178616,MON_20191206_080000.p2.flac,Angachilla,2019,12,Agelasticus thilius,Alternative Song,34.11011337868481,35.543945578231295,1205.859375,7235.15625,present,https://s3.amazonaws.com/arbimon2/project_2770/detections/10440/19_213.png,1575619260000,,0.2455052099668554,22306
61,168178854,MON_20191207_080000.p1.flac,Angachilla,2019,12,Agelasticus thilius,Alternative Song,8.806167800453515,10.24,1205.859375,7235.15625,present,https://s3.amazonaws.com/arbimon2/project_2770/detections/10440/19_451.png,1575705600000,,0.3636846856923996,22306
62,168171578,MON_20191208_100000.p2.flac,Angachilla,2019,12,Agelasticus thilius,Alternative Song,19.60344671201814,21.037278911564627,1205.859375,7235.15625,present,https://s3.amazonaws.com/arbimon2/project_2770/detections/10440/20_77.png,1575799260000,,0.1723086850040324,22306
63,168171592,MON_20191208_110000.p4.flac,Angachilla,2019,12,Agelasticus thilius,Alternative Song,8.951292517006802,10.385124716553287,1205.859375,7235.15625,present,https://s3.amazonaws.com/arbimon2/project_2770/detections/10440/20_91.png,1575802980000,,0.1956259507550969,22306
64,168171973,MON_20191209_210000.p2.flac,Angachilla,2019,12,Agelasticus thilius,Alternative Song,28.606984126984127,30.040816326530614,1205.859375,7235.15625,present,https://s3.amazonaws.com/arbimon2/project_2770/detections/10440/20_472.png,1575925260000,,0.1993462865019759,22306
65,168172019,MON_20191210_070000.p1.flac,Angachilla,2019,12,Agelasticus thilius,Alternative Song,58.49687074829932,59.9307029478458,1205.859375,7235.15625,present,https://s3.amazonaws.com/arbimon2/project_2770/detections/10440/20_518.png,1575961200000,,0.2572656557126774,22306
66,168162207,MON_20191211_090000.p3.flac,Angachilla,2019,12,Agelasticus thilius,Alternative Song,45.77233560090703,47.20616780045352,1205.859375,7235.15625,present,https://s3.amazonaws.com/arbimon2/project_2770/detections/10440/21_176.png,1576054920000,,0.1966123946455856,22306
67,168167700,MON_20191213_150000.p5.flac,Angachilla,2019,12,Agelasticus thilius,Alternative Song,37.43056689342404,38.86439909297052,1205.859375,7235.15625,present,https://s3.amazonaws.com/arbimon2/project_2770/detections/10440/22_151.png,1576249440000,,0.1840426376406875,22306
68,168167742,MON_20191213_180000.p5.flac,Angachilla,2019,12,Agelasticus thilius,Alternative Song,8.243083900226758,9.676916099773242,1205.859375,7235.15625,present,https://s3.amazonaws.com/arbimon2/project_2770/detections/10440/22_193.png,1576260240000,,0.2667222462627568,22306
69,168167875,MON_20191214_090000.p4.flac,Angachilla,2019,12,Agelasticus thilius,Alternative Song,55.5653514739229,56.99918367346939,1205.859375,7235.15625,present,https://s3.amazonaws.com/arbimon2/project_2770/detections/10440/22_326.png,1576314180000,,0.171155524374274,22306
70,168167874,MON_20191214_090000.p4.flac,Angachilla,2019,12,Agelasticus thilius,Alternative Song,15.545759637188208,16.979591836734695,1205.859375,7235.15625,present,https://s3.amazonaws.com/arbimon2/project_2770/detections/10440/22_325.png,1576314180000,,0.2453198582045403,22306
71,168168142,MON_20191215_090000.p5.flac,Angachilla,2019,12,Agelasticus thilius,Alternative Song,54.91519274376417,56.34902494331066,1205.859375,7235.15625,present,https://s3.amazonaws.com/arbimon2/project_2770/detections/10440/22_593.png,1576400640000,,0.2725483749786605,22306
72,168161857,MON_20191217_090000.p5.flac,Angachilla,2019,12,Agelasticus thilius,Alternative Song,11.662222222222224,13.096054421768708,1205.859375,7235.15625,present,https://s3.amazonaws.com/arbimon2/project_2770/detections/10440/23_506.png,1576573440000,,0.2554293459770217,22306
73,168161814,MON_20191217_070000.p4.flac,Angachilla,2019,12,Agelasticus thilius,Alternative Song,1.37578231292517,2.809614512471655,1205.859375,7235.15625,present,https://s3.amazonaws.com/arbimon2/project_2770/detections/10440/23_463.png,1576566180000,,0.273373459690732,22306
74,168163780,MON_20191220_090000.p2.flac,Angachilla,2019,12,Agelasticus thilius,Alternative Song,7.83092970521542,9.264761904761905,1205.859375,7235.15625,present,https://s3.amazonaws.com/arbimon2/project_2770/detections/10440/24_492.png,1576832460000,,0.3459798562905949,22306
75,168170465,MON_20191221_070000.p1.flac,Angachilla,2019,12,Agelasticus thilius,Alternative Song,40.46657596371882,41.9004081632653,1205.859375,7235.15625,present,https://s3.amazonaws.com/arbimon2/project_2770/detections/10440/25_206.png,1576911600000,,0.247073390265273,22306
76,168170474,MON_20191221_070000.p5.flac,Angachilla,2019,12,Agelasticus thilius,Alternative Song,51.21741496598639,52.65124716553288,1205.859375,7235.15625,present,https://s3.amazonaws.com/arbimon2/project_2770/detections/10440/25_215.png,1576911840000,,0.2655215661767506,22306
77,168175024,MON_20191223_200000.p1.flac,Angachilla,2019,12,Agelasticus thilius,Alternative Song,50.01578231292517,51.449614512471655,1205.859375,7235.15625,present,https://s3.amazonaws.com/arbimon2/project_2770/detections/10440/26_191.png,1577131200000,,0.246577024631418,22306
78,168175036,MON_20191223_200000.p5.flac,Angachilla,2019,12,Agelasticus thilius,Alternative Song,8.846802721088435,10.28063492063492,1205.859375,7235.15625,present,https://s3.amazonaws.com/arbimon2/project_2770/detections/10440/26_203.png,1577131440000,,0.2663754260548746,22306
79,168175033,MON_20191223_200000.p4.flac,Angachilla,2019,12,Agelasticus thilius,Alternative Song,13.194739229024943,14.628571428571428,1205.859375,7235.15625,present,https://s3.amazonaws.com/arbimon2/project_2770/detections/10440/26_200.png,1577131380000,,0.2802747774614731,22306
80,168174357,MON_20191229_210000.p3.flac,Angachilla,2019,12,Agelasticus thilius,Alternative Song,17.670385487528346,19.10421768707483,1205.859375,7235.15625,present,https://s3.amazonaws.com/arbimon2/project_2770/detections/10440/28_471.png,1577653320000,,0.1608393798997256,22306
81,168174353,MON_20191229_210000.p2.flac,Angachilla,2019,12,Agelasticus thilius,Alternative Song,40.44916099773243,41.882993197278914,1205.859375,7235.15625,present,https://s3.amazonaws.com/arbimon2/project_2770/detections/10440/28_467.png,1577653260000,,0.1696227590818,22306
82,168174365,MON_20191229_210000.p5.flac,Angachilla,2019,12,Agelasticus thilius,Alternative Song,6.902131519274376,8.335963718820862,1205.859375,7235.15625,present,https://s3.amazonaws.com/arbimon2/project_2770/detections/10440/28_479.png,1577653440000,,0.1973856154799265,22306
83,168174356,MON_20191229_210000.p3.flac,Angachilla,2019,12,Agelasticus thilius,Alternative Song,50.41052154195011,51.8443537414966,1205.859375,7235.15625,present,https://s3.amazonaws.com/arbimon2/project_2770/detections/10440/28_470.png,1577653320000,,0.2374607617926113,22306
84,168181925,MON_20191230_200000.p1.flac,Angachilla,2019,12,Agelasticus thilius,Alternative Song,51.1071201814059,52.54095238095238,1205.859375,7235.15625,present,https://s3.amazonaws.com/arbimon2/project_2770/detections/10440/29_112.png,1577736000000,,0.1757160761662029,22306
85,168173394,MON_20200102_130000.p2.flac,Angachilla,2020,1,Agelasticus thilius,Alternative Song,54.29986394557823,55.73369614512472,1205.859375,7235.15625,present,https://s3.amazonaws.com/arbimon2/project_2770/detections/10440/30_134.png,1577970060000,,0.267534209977683,22306
86,168173707,MON_20200103_160000.p2.flac,Angachilla,2020,1,Agelasticus thilius,Alternative Song,34.2378231292517,35.67165532879819,1205.859375,7235.15625,present,https://s3.amazonaws.com/arbimon2/project_2770/detections/10440/30_447.png,1578067260000,,0.1027493074388656,22306
87,168173758,MON_20200103_210000.p1.flac,Angachilla,2020,1,Agelasticus thilius,Alternative Song,13.83328798185941,15.267120181405897,1205.859375,7235.15625,present,https://s3.amazonaws.com/arbimon2/project_2770/detections/10440/30_498.png,1578085200000,,0.1791172187436996,22306
88,168163021,MON_20200105_210000.p4.flac,Angachilla,2020,1,Agelasticus thilius,Alternative Song,4.429206349206349,5.863038548752835,1205.859375,7235.15625,present,https://s3.amazonaws.com/arbimon2/project_2770/detections/10440/31_383.png,1578258180000,,0.2518050821489607,22306
89,168162893,MON_20200105_110000.p4.flac,Angachilla,2020,1,Agelasticus thilius,Alternative Song,29.262947845804987,30.696780045351478,1205.859375,7235.15625,present,https://s3.amazonaws.com/arbimon2/project_2770/detections/10440/31_255.png,1578222180000,,0.2763891386773498,22306
90,168163275,MON_20200106_210000.p4.flac,Angachilla,2020,1,Agelasticus thilius,Alternative Song,11.8421768707483,13.276009070294783,1205.859375,7235.15625,present,https://s3.amazonaws.com/arbimon2/project_2770/detections/10440/31_637.png,1578344580000,,0.2932072829075399,22306
91,168168263,MON_20200107_110000.p2.flac,Angachilla,2020,1,Agelasticus thilius,Alternative Song,41.145759637188206,42.57959183673469,1205.859375,7235.15625,present,https://s3.amazonaws.com/arbimon2/project_2770/detections/10440/32_88.png,1578394860000,,0.2652742024796526,22306
92,168168474,MON_20200108_110000.p3.flac,Angachilla,2020,1,Agelasticus thilius,Alternative Song,41.48825396825397,42.92208616780045,1205.859375,7235.15625,present,https://s3.amazonaws.com/arbimon2/project_2770/detections/10440/32_299.png,1578481320000,,0.1803186349991113,22306
93,168168546,MON_20200108_160000.p4.flac,Angachilla,2020,1,Agelasticus thilius,Alternative Song,15.069750566893424,16.50358276643991,1205.859375,7235.15625,present,https://s3.amazonaws.com/arbimon2/project_2770/detections/10440/32_371.png,1578499380000,,0.2261269153524138,22306
94,168182873,MON_20200109_120000.p3.flac,Angachilla,2020,1,Agelasticus thilius,Alternative Song,5.88625850340136,7.320090702947846,1205.859375,7235.15625,present,https://s3.amazonaws.com/arbimon2/project_2770/detections/10440/33_9.png,1578571320000,,0.2107097665968844,22306
95,168183025,MON_20200110_080000.p1.flac,Angachilla,2020,1,Agelasticus thilius,Alternative Song,47.275827664399095,48.709659863945575,1205.859375,7235.15625,present,https://s3.amazonaws.com/arbimon2/project_2770/detections/10440/33_161.png,1578643200000,,0.203855595574114,22306
96,168183210,MON_20200110_210000.p3.flac,Angachilla,2020,1,Agelasticus thilius,Alternative Song,58.37496598639456,59.80879818594104,1205.859375,7235.15625,present,https://s3.amazonaws.com/arbimon2/project_2770/detections/10440/33_346.png,1578690120000,,0.2178325710816901,22306
97,168160354,MON_20200112_110000.p5.flac,Angachilla,2020,1,Agelasticus thilius,Alternative Song,48.31492063492063,49.74875283446712,1205.859375,7235.15625,present,https://s3.amazonaws.com/arbimon2/project_2770/detections/10440/34_104.png,1578827040000,,0.206815101194899,22306
98,168160369,MON_20200112_130000.p2.flac,Angachilla,2020,1,Agelasticus thilius,Alternative Song,8.968707482993198,10.402539682539684,1205.859375,7235.15625,present,https://s3.amazonaws.com/arbimon2/project_2770/detections/10440/34_119.png,1578834060000,,0.2457599766213663,22306
99,168160409,MON_20200112_160000.p5.flac,Angachilla,2020,1,Agelasticus thilius,Alternative Song,31.155374149659863,32.58920634920635,1205.859375,7235.15625,present,https://s3.amazonaws.com/arbimon2/project_2770/detections/10440/34_159.png,1578845040000,,0.2955885641011623,22306
100,168160626,MON_20200113_140000.p2.flac,Angachilla,2020,1,Agelasticus thilius,Alternative Song,20.3697052154195,21.803537414965987,1205.859375,7235.15625,present,https://s3.amazonaws.com/arbimon2/project_2770/detections/10440/34_376.png,1578924060000,,0.2368375440277478,22306
101,168176453,MON_20200115_210000.p2.flac,Angachilla,2020,1,Agelasticus thilius,Alternative Song,13.21795918367347,14.651791383219956,1205.859375,7235.15625,present,https://s3.amazonaws.com/arbimon2/project_2770/detections/10440/35_222.png,1579122060000,,0.2529366640595417,22306
102,168176282,MON_20200115_080000.p3.flac,Angachilla,2020,1,Agelasticus thilius,Alternative Song,21.04308390022676,22.47691609977324,1205.859375,7235.15625,present,https://s3.amazonaws.com/arbimon2/project_2770/detections/10440/35_51.png,1579075320000,,0.2878699881664076,22306
103,168172270,MON_20200118_080000.p2.flac,Angachilla,2020,1,Agelasticus thilius,Alternative Song,1.3293424036281178,2.7631746031746034,1205.859375,7235.15625,present,https://s3.amazonaws.com/arbimon2/project_2770/detections/10440/36_176.png,1579334460000,,0.2484155678815858,22306
104,168179048,MON_20200122_120000.p5.flac,Angachilla,2020,1,Agelasticus thilius,Alternative Song,35.636825396825394,37.07065759637188,1205.859375,7235.15625,present,https://s3.amazonaws.com/arbimon2/project_2770/detections/10440/38_22.png,1579694640000,,0.2884638302813901,22306
105,168177439,MON_20200318_140000.p3.flac,Angachilla,2020,3,Agelasticus thilius,Alternative Song,4.249251700680272,5.683083900226757,1205.859375,7235.15625,present,https://s3.amazonaws.com/arbimon2/project_2770/detections/10440/56_293.png,1584540120000,,0.1746542533723536,22306
106,168153916,MON_20200324_110000.p2.flac,Angachilla,2020,3,Agelasticus thilius,Alternative Song,28.601179138322,30.03501133786848,1205.859375,7235.15625,present,https://s3.amazonaws.com/arbimon2/project_2770/detections/10440/58_380.png,1585047660000,,0.237516705563108,22306
107,168153915,MON_20200324_110000.p2.flac,Angachilla,2020,3,Agelasticus thilius,Alternative Song,45.7665306122449,47.200362811791386,1205.859375,7235.15625,present,https://s3.amazonaws.com/arbimon2/project_2770/detections/10440/58_379.png,1585047660000,,0.238220562837009,22306
108,168153918,MON_20200324_110000.p4.flac,Angachilla,2020,3,Agelasticus thilius,Alternative Song,16.190113378684806,17.623945578231293,1205.859375,7235.15625,present,https://s3.amazonaws.com/arbimon2/project_2770/detections/10440/58_382.png,1585047780000,,0.2461552725450633,22306
109,168153912,MON_20200324_110000.p3.flac,Angachilla,2020,3,Agelasticus thilius,Alternative Song,44.93641723356009,46.37024943310658,1205.859375,7235.15625,present,https://s3.amazonaws.com/arbimon2/project_2770/detections/10440/58_376.png,1585047720000,,0.2838676252049918,22306
110,168185200,MON_20200328_150000.p5.flac,Angachilla,2020,3,Agelasticus thilius,Alternative Song,33.674739229024944,35.10857142857143,1205.859375,7235.15625,present,https://s3.amazonaws.com/arbimon2/project_2770/detections/10440/60_412.png,1585407840000,,0.1706429743276367,22306
111,168185252,MON_20200328_190000.p4.flac,Angachilla,2020,3,Agelasticus thilius,Alternative Song,41.53469387755102,42.96852607709751,1205.859375,7235.15625,present,https://s3.amazonaws.com/arbimon2/project_2770/detections/10440/60_464.png,1585422180000,,0.2404636551393018,22306
112,168185511,MON_20200329_190000.p4.flac,Angachilla,2020,3,Agelasticus thilius,Alternative Song,5.346394557823129,6.780226757369615,1205.859375,7235.15625,present,https://s3.amazonaws.com/arbimon2/project_2770/detections/10440/61_93.png,1585508580000,,0.1853580409271981,22306
113,168185645,MON_20200330_090000.p3.flac,Angachilla,2020,3,Agelasticus thilius,Alternative Song,8.121179138321995,9.55501133786848,1205.859375,7235.15625,present,https://s3.amazonaws.com/arbimon2/project_2770/detections/10440/61_227.png,1585558920000,,0.1711091633903013,22306
114,168300102,MON_20191021_200700.p1.flac,Miraflores,2019,10,Agelasticus thilius,Alternative Song,35.323356009070295,36.75718820861678,1205.859375,7235.15625,present,https://s3.amazonaws.com/arbimon2/project_2770/detections/10553/2_0.png,1571688420000,,0.3497637598159003,22307
115,168300104,MON_20191021_200700.p3.flac,Miraflores,2019,10,Agelasticus thilius,Alternative Song,15.330975056689342,16.764807256235827,1205.859375,7235.15625,present,https://s3.amazonaws.com/arbimon2/project_2770/detections/10553/2_2.png,1571688540000,,0.323146735694502,22307
116,168300105,MON_20191021_200700.p3.flac,Miraflores,2019,10,Agelasticus thilius,Alternative Song,0.3541043083900226,1.787936507936508,1205.859375,7235.15625,present,https://s3.amazonaws.com/arbimon2/project_2770/detections/10553/2_3.png,1571688540000,,0.2658311424931438,22307
117,168300107,MON_20191021_200700.p2.flac,Miraflores,2019,10,Agelasticus thilius,Alternative Song,1.933061224489796,3.3668934240362813,1205.859375,7235.15625,present,https://s3.amazonaws.com/arbimon2/project_2770/detections/10553/2_5.png,1571688480000,,0.3942913099468156,22307
118,168300115,MON_20191022_060700.p10.flac,Miraflores,2019,10,Agelasticus thilius,Alternative Song,2.2871655328798184,3.720997732426304,1205.859375,7235.15625,present,https://s3.amazonaws.com/arbimon2/project_2770/detections/10553/2_13.png,1571724960000,,0.2901279840713154,22307
119,168300121,MON_20191022_060700.p15.flac,Miraflores,2019,10,Agelasticus thilius,Alternative Song,38.846984126984125,40.28081632653061,1205.859375,7235.15625,present,https://s3.amazonaws.com/arbimon2/project_2770/detections/10553/2_19.png,1571725260000,,0.2968993169928223,22307
120,168300128,MON_20191022_060700.p51.flac,Miraflores,2019,10,Agelasticus thilius,Alternative Song,20.45097505668934,21.884807256235828,1205.859375,7235.15625,present,https://s3.amazonaws.com/arbimon2/project_2770/detections/10553/2_26.png,1571727420000,,0.2828648197009468,22307
121,168300131,MON_20191022_080000.p2.flac,Miraflores,2019,10,Agelasticus thilius,Alternative Song,33.56444444444445,34.99827664399093,1205.859375,7235.15625,present,https://s3.amazonaws.com/arbimon2/project_2770/detections/10553/2_29.png,1571731260000,,0.269227327658045,22307
122,168300142,MON_20191022_090000.p2.flac,Miraflores,2019,10,Agelasticus thilius,Alternative Song,34.62095238095238,36.05478458049887,1205.859375,7235.15625,present,https://s3.amazonaws.com/arbimon2/project_2770/detections/10553/2_40.png,1571734860000,,0.3089830233643283,22307
123,168300143,MON_20191022_110000.p5.flac,Miraflores,2019,10,Agelasticus thilius,Alternative Song,57.02240362811792,58.4562358276644,1205.859375,7235.15625,present,https://s3.amazonaws.com/arbimon2/project_2770/detections/10553/2_41.png,1571742240000,,0.2832051212170087,22307
124,168300147,MON_20191022_140000.p4.flac,Miraflores,2019,10,Agelasticus thilius,Alternative Song,1.2887074829931973,2.7225396825396824,1205.859375,7235.15625,present,https://s3.amazonaws.com/arbimon2/project_2770/detections/10553/2_45.png,1571752980000,,0.2580093581728538,22307
125,168300157,MON_20191022_200700.p11.flac,Miraflores,2019,10,Agelasticus thilius,Alternative Song,31.683628117913837,33.11746031746032,1205.859375,7235.15625,present,https://s3.amazonaws.com/arbimon2/project_2770/detections/10553/2_55.png,1571775420000,,0.4278428710218456,22307
126,168300166,MON_20191023_080000.p2.flac,Miraflores,2019,10,Agelasticus thilius,Alternative Song,18.889433106575964,20.323265306122448,1205.859375,7235.15625,present,https://s3.amazonaws.com/arbimon2/project_2770/detections/10553/3_7.png,1571817660000,,0.4248977478478625,22307
127,168300172,MON_20191023_100000.p3.flac,Miraflores,2019,10,Agelasticus thilius,Alternative Song,21.97768707482993,23.411519274376417,1205.859375,7235.15625,present,https://s3.amazonaws.com/arbimon2/project_2770/detections/10553/3_13.png,1571824920000,,0.2687702177032025,22307
128,168300194,MON_20191023_130000.p1.flac,Miraflores,2019,10,Agelasticus thilius,Alternative Song,14.721451247165533,16.15528344671202,1205.859375,7235.15625,present,https://s3.amazonaws.com/arbimon2/project_2770/detections/10553/3_35.png,1571835600000,,0.2700336405218903,22307
129,168300208,MON_20191023_180000.p3.flac,Miraflores,2019,10,Agelasticus thilius,Alternative Song,13.03219954648526,14.466031746031746,1205.859375,7235.15625,present,https://s3.amazonaws.com/arbimon2/project_2770/detections/10553/3_49.png,1571853720000,,0.2676938644837112,22307
130,168300215,MON_20191023_190000.p2.flac,Miraflores,2019,10,Agelasticus thilius,Alternative Song,28.014875283446717,29.4487074829932,1205.859375,7235.15625,present,https://s3.amazonaws.com/arbimon2/project_2770/detections/10553/3_56.png,1571857260000,,0.3357773444083969,22307
131,168300217,MON_20191023_200000.p3.flac,Miraflores,2019,10,Agelasticus thilius,Alternative Song,53.08081632653061,54.514648526077096,1205.859375,7235.15625,present,https://s3.amazonaws.com/arbimon2/project_2770/detections/10553/3_58.png,1571860920000,,0.2996698993202565,22307
132,168300222,MON_20191023_200700.p2.flac,Miraflores,2019,10,Agelasticus thilius,Alternative Song,12.132426303854876,13.56625850340136,1205.859375,7235.15625,present,https://s3.amazonaws.com/arbimon2/project_2770/detections/10553/3_63.png,1571861280000,,0.3475776786103163,22307
133,168300223,MON_20191023_200700.p2.flac,Miraflores,2019,10,Agelasticus thilius,Alternative Song,50.61369614512471,52.0475283446712,1205.859375,7235.15625,present,https://s3.amazonaws.com/arbimon2/project_2770/detections/10553/3_64.png,1571861280000,,0.2656662930921668,22307
134,168300224,MON_20191023_200700.p2.flac,Miraflores,2019,10,Agelasticus thilius,Alternative Song,30.772244897959183,32.20607709750567,1205.859375,7235.15625,present,https://s3.amazonaws.com/arbimon2/project_2770/detections/10553/3_65.png,1571861280000,,0.2531672307141135,22307
135,168300225,MON_20191023_200700.p4.flac,Miraflores,2019,10,Agelasticus thilius,Alternative Song,2.5193650793650795,3.953197278911565,1205.859375,7235.15625,present,https://s3.amazonaws.com/arbimon2/project_2770/detections/10553/3_66.png,1571861400000,,0.2763470489288583,22307
136,168300233,MON_20191023_200700.p7.flac,Miraflores,2019,10,Agelasticus thilius,Alternative Song,11.267482993197278,12.701315192743763,1205.859375,7235.15625,present,https://s3.amazonaws.com/arbimon2/project_2770/detections/10553/3_74.png,1571861580000,,0.3126101432870842,22307
137,168300241,MON_20191023_200700.p13.flac,Miraflores,2019,10,Agelasticus thilius,Alternative Song,24.096507936507937,25.530340136054424,1205.859375,7235.15625,present,https://s3.amazonaws.com/arbimon2/project_2770/detections/10553/3_82.png,1571861940000,,0.2949697585299443,22307
138,168300246,MON_20191024_060700.p12.flac,Miraflores,2019,10,Agelasticus thilius,Alternative Song,57.0746485260771,58.50848072562359,1205.859375,7235.15625,present,https://s3.amazonaws.com/arbimon2/project_2770/detections/10553/3_87.png,1571897880000,,0.2813679718161332,22307
139,168300247,MON_20191024_060700.p14.flac,Miraflores,2019,10,Agelasticus thilius,Alternative Song,36.51337868480726,37.947210884353744,1205.859375,7235.15625,present,https://s3.amazonaws.com/arbimon2/project_2770/detections/10553/3_88.png,1571898000000,,0.2911879774091265,22307
140,168300251,MON_20191024_060700.p31.flac,Miraflores,2019,10,Agelasticus thilius,Alternative Song,49.03473922902494,50.46857142857143,1205.859375,7235.15625,present,https://s3.amazonaws.com/arbimon2/project_2770/detections/10553/3_92.png,1571899020000,,0.2718434278725752,22307
141,168300253,MON_20191024_060700.p43.flac,Miraflores,2019,10,Agelasticus thilius,Alternative Song,3.2624036281179136,4.696235827664399,1205.859375,7235.15625,present,https://s3.amazonaws.com/arbimon2/project_2770/detections/10553/3_94.png,1571899740000,,0.334088730381279,22307
142,168300254,MON_20191024_060700.p43.flac,Miraflores,2019,10,Agelasticus thilius,Alternative Song,21.449433106575963,22.88326530612245,1205.859375,7235.15625,present,https://s3.amazonaws.com/arbimon2/project_2770/detections/10553/3_95.png,1571899740000,,0.2839908279707083,22307
143,168300256,MON_20191024_060700.p49.flac,Miraflores,2019,10,Agelasticus thilius,Alternative Song,22.37242630385488,23.80625850340136,1205.859375,7235.15625,present,https://s3.amazonaws.com/arbimon2/project_2770/detections/10553/3_97.png,1571900100000,,0.3506454398818211,22307
144,168300258,MON_20191113_200000.p1.flac,Miraflores,2019,11,Agelasticus thilius,Alternative Song,46.86367346938776,48.29750566893424,1205.859375,7235.15625,present,https://s3.amazonaws.com/arbimon2/project_2770/detections/10553/19_0.png,1573675200000,,0.4078406267173947,22307
145,168300260,MON_20191113_200700.p1.flac,Miraflores,2019,11,Agelasticus thilius,Alternative Song,23.800453514739228,25.234285714285715,1205.859375,7235.15625,present,https://s3.amazonaws.com/arbimon2/project_2770/detections/10553/19_2.png,1573675620000,,0.3205157666378522,22307
146,168300261,MON_20191113_200700.p1.flac,Miraflores,2019,11,Agelasticus thilius,Alternative Song,43.59546485260771,45.02929705215419,1205.859375,7235.15625,present,https://s3.amazonaws.com/arbimon2/project_2770/detections/10553/19_3.png,1573675620000,,0.3117069658200883,22307
147,168300263,MON_20191113_200700.p2.flac,Miraflores,2019,11,Agelasticus thilius,Alternative Song,18.494693877551025,19.928526077097505,1205.859375,7235.15625,present,https://s3.amazonaws.com/arbimon2/project_2770/detections/10553/19_5.png,1573675680000,,0.2849723800881177,22307
148,168300278,MON_20191114_060700.p3.flac,Miraflores,2019,11,Agelasticus thilius,Alternative Song,0.8823582766439909,2.316190476190476,1205.859375,7235.15625,present,https://s3.amazonaws.com/arbimon2/project_2770/detections/10553/19_20.png,1573711740000,,0.2614892509556374,22307
149,168300283,MON_20191114_060700.p20.flac,Miraflores,2019,11,Agelasticus thilius,Alternative Song,29.814421768707483,31.24825396825397,1205.859375,7235.15625,present,https://s3.amazonaws.com/arbimon2/project_2770/detections/10553/19_25.png,1573712760000,,0.2009700877578668,22307
150,168300290,MON_20191114_070000.p5.flac,Miraflores,2019,11,Agelasticus thilius,Alternative Song,1.253877551020408,2.687709750566893,1205.859375,7235.15625,present,https://s3.amazonaws.com/arbimon2/project_2770/detections/10553/19_32.png,1573715040000,,0.3101119754485555,22307
151,168300294,MON_20191114_090000.p2.flac,Miraflores,2019,11,Agelasticus thilius,Alternative Song,29.326802721088438,30.76063492063492,1205.859375,7235.15625,present,https://s3.amazonaws.com/arbimon2/project_2770/detections/10553/19_36.png,1573722060000,,0.3819010398328692,22307
152,168300296,MON_20191114_090000.p3.flac,Miraflores,2019,11,Agelasticus thilius,Alternative Song,18.09995464852608,19.53378684807256,1205.859375,7235.15625,present,https://s3.amazonaws.com/arbimon2/project_2770/detections/10553/19_38.png,1573722120000,,0.341190183087353,22307
153,168300298,MON_20191114_090000.p5.flac,Miraflores,2019,11,Agelasticus thilius,Alternative Song,9.003537414965987,10.437369614512471,1205.859375,7235.15625,present,https://s3.amazonaws.com/arbimon2/project_2770/detections/10553/19_40.png,1573722240000,,0.401846094785546,22307
154,168300299,MON_20191114_100000.p1.flac,Miraflores,2019,11,Agelasticus thilius,Alternative Song,43.9437641723356,45.377596371882085,1205.859375,7235.15625,present,https://s3.amazonaws.com/arbimon2/project_2770/detections/10553/19_41.png,1573725600000,,0.3453718718685097,22307
155,168300303,MON_20191114_110000.p4.flac,Miraflores,2019,11,Agelasticus thilius,Alternative Song,24.427392290249436,25.86122448979592,1205.859375,7235.15625,present,https://s3.amazonaws.com/arbimon2/project_2770/detections/10553/19_45.png,1573729380000,,0.289676593897981,22307
156,168300308,MON_20191114_140000.p1.flac,Miraflores,2019,11,Agelasticus thilius,Alternative Song,52.43065759637188,53.86448979591837,1205.859375,7235.15625,present,https://s3.amazonaws.com/arbimon2/project_2770/detections/10553/19_50.png,1573740000000,,0.3045907651717638,22307
157,168300309,MON_20191114_140000.p3.flac,Miraflores,2019,11,Agelasticus thilius,Alternative Song,33.407709750566895,34.84154195011338,1205.859375,7235.15625,present,https://s3.amazonaws.com/arbimon2/project_2770/detections/10553/19_51.png,1573740120000,,0.3245135975724899,22307
158,168300314,MON_20191114_150000.p4.flac,Miraflores,2019,11,Agelasticus thilius,Alternative Song,58.33433106575964,59.76816326530612,1205.859375,7235.15625,present,https://s3.amazonaws.com/arbimon2/project_2770/detections/10553/19_56.png,1573743780000,,0.3133548412598275,22307
159,168300318,MON_20191114_160000.p1.flac,Miraflores,2019,11,Agelasticus thilius,Alternative Song,55.455056689342406,56.888888888888886,1205.859375,7235.15625,present,https://s3.amazonaws.com/arbimon2/project_2770/detections/10553/19_60.png,1573747200000,,0.2006854159973069,22307
160,168300327,MON_20191114_190000.p5.flac,Miraflores,2019,11,Agelasticus thilius,Alternative Song,44.28045351473923,45.71428571428572,1205.859375,7235.15625,present,https://s3.amazonaws.com/arbimon2/project_2770/detections/10553/19_69.png,1573758240000,,0.2598069720145148,22307
161,168300328,MON_20191114_200000.p1.flac,Miraflores,2019,11,Agelasticus thilius,Alternative Song,48.25687074829932,49.69070294784581,1205.859375,7235.15625,present,https://s3.amazonaws.com/arbimon2/project_2770/detections/10553/19_70.png,1573761600000,,0.3368445598069179,22307
162,168300329,MON_20191114_200000.p2.flac,Miraflores,2019,11,Agelasticus thilius,Alternative Song,22.488526077097507,23.92235827664399,1205.859375,7235.15625,present,https://s3.amazonaws.com/arbimon2/project_2770/detections/10553/19_71.png,1573761660000,,0.4347915355242724,22307
163,168300337,MON_20191114_200700.p4.flac,Miraflores,2019,11,Agelasticus thilius,Alternative Song,45.22086167800453,46.65469387755102,1205.859375,7235.15625,present,https://s3.amazonaws.com/arbimon2/project_2770/detections/10553/19_79.png,1573762200000,,0.2577575712431685,22307
164,168300341,MON_20191114_200700.p16.flac,Miraflores,2019,11,Agelasticus thilius,Alternative Song,28.189024943310656,29.622857142857143,1205.859375,7235.15625,present,https://s3.amazonaws.com/arbimon2/project_2770/detections/10553/19_83.png,1573762920000,,0.2968378831383159,22307
165,168300345,MON_20191104_060700.p24.flac,Miraflores,2019,11,Agelasticus thilius,Alternative Song,2.6238548752834467,4.057687074829932,1205.859375,7235.15625,present,https://s3.amazonaws.com/arbimon2/project_2770/detections/10553/12_0.png,1572849000000,,0.265611954368351,22307
166,168300352,MON_20191104_060700.p50.flac,Miraflores,2019,11,Agelasticus thilius,Alternative Song,41.33151927437642,42.765351473922905,1205.859375,7235.15625,present,https://s3.amazonaws.com/arbimon2/project_2770/detections/10553/12_7.png,1572850560000,,0.3279464222222492,22307
167,168300353,MON_20191104_060700.p41.flac,Miraflores,2019,11,Agelasticus thilius,Alternative Song,39.73514739229025,41.16897959183674,1205.859375,7235.15625,present,https://s3.amazonaws.com/arbimon2/project_2770/detections/10553/12_8.png,1572850020000,,0.31460448570527,22307
168,168300356,MON_20191104_060700.p42.flac,Miraflores,2019,11,Agelasticus thilius,Alternative Song,35.706485260770975,37.14031746031746,1205.859375,7235.15625,present,https://s3.amazonaws.com/arbimon2/project_2770/detections/10553/12_11.png,1572850080000,,0.3153174539136573,22307
169,168300359,MON_20191104_060700.p51.flac,Miraflores,2019,11,Agelasticus thilius,Alternative Song,0.8185034013605442,2.252335600907029,1205.859375,7235.15625,present,https://s3.amazonaws.com/arbimon2/project_2770/detections/10553/12_14.png,1572850620000,,0.3351478370703619,22307
170,168300361,MON_20191104_090000.p2.flac,Miraflores,2019,11,Agelasticus thilius,Alternative Song,47.27002267573696,48.70385487528345,1205.859375,7235.15625,present,https://s3.amazonaws.com/arbimon2/project_2770/detections/10553/12_16.png,1572858060000,,0.2852665640045399,22307
171,168300362,MON_20191104_090000.p3.flac,Miraflores,2019,11,Agelasticus thilius,Alternative Song,42.84081632653061,44.2746485260771,1205.859375,7235.15625,present,https://s3.amazonaws.com/arbimon2/project_2770/detections/10553/12_17.png,1572858120000,,0.266906946132381,22307
172,168300363,MON_20191104_090000.p5.flac,Miraflores,2019,11,Agelasticus thilius,Alternative Song,22.23310657596372,23.666938775510204,1205.859375,7235.15625,present,https://s3.amazonaws.com/arbimon2/project_2770/detections/10553/12_18.png,1572858240000,,0.2934040084482945,22307
173,168300364,MON_20191104_110000.p2.flac,Miraflores,2019,11,Agelasticus thilius,Alternative Song,6.710566893424036,8.144399092970522,1205.859375,7235.15625,present,https://s3.amazonaws.com/arbimon2/project_2770/detections/10553/12_19.png,1572865260000,,0.308924874718522,22307
174,168300391,MON_20191104_190000.p2.flac,Miraflores,2019,11,Agelasticus thilius,Alternative Song,20.5902947845805,22.024126984126983,1205.859375,7235.15625,present,https://s3.amazonaws.com/arbimon2/project_2770/detections/10553/12_46.png,1572894060000,,0.2575616700607804,22307
175,168300404,MON_20191104_200700.p18.flac,Miraflores,2019,11,Agelasticus thilius,Alternative Song,28.15419501133787,29.588027210884352,1205.859375,7235.15625,present,https://s3.amazonaws.com/arbimon2/project_2770/detections/10553/12_59.png,1572899040000,,0.2728849666348447,22307
176,168300406,MON_20191104_200700.p19.flac,Miraflores,2019,11,Agelasticus thilius,Alternative Song,4.957460317460318,6.391292517006803,1205.859375,7235.15625,present,https://s3.amazonaws.com/arbimon2/project_2770/detections/10553/12_61.png,1572899100000,,0.2692996118334631,22307
177,168300410,MON_20191105_060000.p2.flac,Miraflores,2019,11,Agelasticus thilius,Alternative Song,25.18204081632653,26.615873015873017,1205.859375,7235.15625,present,https://s3.amazonaws.com/arbimon2/project_2770/detections/10553/12_65.png,1572933660000,,0.256634831181022,22307
178,168300413,MON_20191105_060000.p3.flac,Miraflores,2019,11,Agelasticus thilius,Alternative Song,13.078639455782312,14.5124716553288,1205.859375,7235.15625,present,https://s3.amazonaws.com/arbimon2/project_2770/detections/10553/12_68.png,1572933720000,,0.2003827564885574,22307
179,168300437,MON_20191105_070000.p1.flac,Miraflores,2019,11,Agelasticus thilius,Alternative Song,15.505124716553288,16.938956916099773,1205.859375,7235.15625,present,https://s3.amazonaws.com/arbimon2/project_2770/detections/10553/12_92.png,1572937200000,,0.2950509038209863,22307
180,168300450,MON_20191105_110000.p2.flac,Miraflores,2019,11,Agelasticus thilius,Alternative Song,40.64072562358277,42.07455782312925,1205.859375,7235.15625,present,https://s3.amazonaws.com/arbimon2/project_2770/detections/10553/12_105.png,1572951660000,,0.2887586377775307,22307
181,168300454,MON_20191105_140000.p1.flac,Miraflores,2019,11,Agelasticus thilius,Alternative Song,41.041269841269845,42.47510204081632,1205.859375,7235.15625,present,https://s3.amazonaws.com/arbimon2/project_2770/detections/10553/12_109.png,1572962400000,,0.4376927269296942,22307
182,168300461,MON_20191020_080000.p3.flac,Miraflores,2019,10,Agelasticus thilius,Alternative Song,46.86367346938776,48.29750566893424,1205.859375,7235.15625,present,https://s3.amazonaws.com/arbimon2/project_2770/detections/10553/1_4.png,1571558520000,,0.415866350632319,22307
183,168300463,MON_20191020_100000.p2.flac,Miraflores,2019,10,Agelasticus thilius,Alternative Song,48.37297052154195,49.80680272108844,1205.859375,7235.15625,present,https://s3.amazonaws.com/arbimon2/project_2770/detections/10553/1_6.png,1571565660000,,0.2679004198240665,22307
184,168300464,MON_20191020_110000.p2.flac,Miraflores,2019,10,Agelasticus thilius,Alternative Song,46.23673469387755,47.67056689342404,1205.859375,7235.15625,present,https://s3.amazonaws.com/arbimon2/project_2770/detections/10553/1_7.png,1571569260000,,0.3980179913475211,22307
185,168300467,MON_20191020_110000.p5.flac,Miraflores,2019,10,Agelasticus thilius,Alternative Song,47.06684807256236,48.500680272108845,1205.859375,7235.15625,present,https://s3.amazonaws.com/arbimon2/project_2770/detections/10553/1_10.png,1571569440000,,0.3330889979091684,22307
186,168300468,MON_20191020_110000.p3.flac,Miraflores,2019,10,Agelasticus thilius,Alternative Song,6.315827664399093,7.749659863945578,1205.859375,7235.15625,present,https://s3.amazonaws.com/arbimon2/project_2770/detections/10553/1_11.png,1571569320000,,0.2654207464011158,22307
187,168300493,MON_20191021_070000.p3.flac,Miraflores,2019,10,Agelasticus thilius,Alternative Song,47.97242630385488,49.40625850340136,1205.859375,7235.15625,present,https://s3.amazonaws.com/arbimon2/project_2770/detections/10553/1_36.png,1571641320000,,0.2851504368332396,22307
188,168300494,MON_20191021_070000.p4.flac,Miraflores,2019,10,Agelasticus thilius,Alternative Song,35.102766439909296,36.53659863945578,1205.859375,7235.15625,present,https://s3.amazonaws.com/arbimon2/project_2770/detections/10553/1_37.png,1571641380000,,0.2002482782555507,22307
189,168300513,MON_20191021_110000.p3.flac,Miraflores,2019,10,Agelasticus thilius,Alternative Song,0.6617687074829932,2.0956009070294783,1205.859375,7235.15625,present,https://s3.amazonaws.com/arbimon2/project_2770/detections/10553/1_56.png,1571655720000,,0.3500181644563213,22307
190,168300514,MON_20191021_110000.p3.flac,Miraflores,2019,10,Agelasticus thilius,Alternative Song,11.981496598639456,13.41532879818594,1205.859375,7235.15625,present,https://s3.amazonaws.com/arbimon2/project_2770/detections/10553/1_57.png,1571655720000,,0.3181603117109576,22307
191,168300520,MON_20191021_130000.p5.flac,Miraflores,2019,10,Agelasticus thilius,Alternative Song,57.58548752834467,59.01931972789116,1205.859375,7235.15625,present,https://s3.amazonaws.com/arbimon2/project_2770/detections/10553/1_63.png,1571663040000,,0.2961053605303683,22307
192,168300522,MON_20191021_140000.p1.flac,Miraflores,2019,10,Agelasticus thilius,Alternative Song,44.28045351473923,45.71428571428572,1205.859375,7235.15625,present,https://s3.amazonaws.com/arbimon2/project_2770/detections/10553/1_65.png,1571666400000,,0.2685291092673932,22307
193,168300525,MON_20191021_140000.p2.flac,Miraflores,2019,10,Agelasticus thilius,Alternative Song,31.48625850340136,32.920090702947846,1205.859375,7235.15625,present,https://s3.amazonaws.com/arbimon2/project_2770/detections/10553/1_68.png,1571666460000,,0.2949569689475513,22307
194,168300529,MON_20191021_150000.p4.flac,Miraflores,2019,10,Agelasticus thilius,Alternative Song,27.30666666666667,28.74049886621315,1205.859375,7235.15625,present,https://s3.amazonaws.com/arbimon2/project_2770/detections/10553/1_72.png,1571670180000,,0.2713892291365847,22307
195,168300547,MON_20191021_170000.p2.flac,Miraflores,2019,10,Agelasticus thilius,Alternative Song,24.14875283446712,25.582585034013604,1205.859375,7235.15625,present,https://s3.amazonaws.com/arbimon2/project_2770/detections/10553/1_90.png,1571677260000,,0.2669647223003132,22307
196,168300549,MON_20191021_170000.p3.flac,Miraflores,2019,10,Agelasticus thilius,Alternative Song,12.219501133786848,13.653333333333334,1205.859375,7235.15625,present,https://s3.amazonaws.com/arbimon2/project_2770/detections/10553/1_92.png,1571677320000,,0.3852566955831927,22307
197,168300550,MON_20191021_170000.p3.flac,Miraflores,2019,10,Agelasticus thilius,Alternative Song,50.39310657596372,51.82693877551021,1205.859375,7235.15625,present,https://s3.amazonaws.com/arbimon2/project_2770/detections/10553/1_93.png,1571677320000,,0.3299430859593507,22307
198,168300551,MON_20191021_170000.p3.flac,Miraflores,2019,10,Agelasticus thilius,Alternative Song,35.92126984126984,37.35510204081633,1205.859375,7235.15625,present,https://s3.amazonaws.com/arbimon2/project_2770/detections/10553/1_94.png,1571677320000,,0.2548806938726842,22307
199,168300552,MON_20191021_170000.p4.flac,Miraflores,2019,10,Agelasticus thilius,Alternative Song,30.19174603174603,31.62557823129252,1205.859375,7235.15625,present,https://s3.amazonaws.com/arbimon2/project_2770/detections/10553/1_95.png,1571677380000,,0.3024362869364915,22307
200,168300553,MON_20191021_170000.p4.flac,Miraflores,2019,10,Agelasticus thilius,Alternative Song,14.779501133786848,16.213333333333335,1205.859375,7235.15625,present,https://s3.amazonaws.com/arbimon2/project_2770/detections/10553/1_96.png,1571677380000,,0.2861351700631568,22307
201,168300563,MON_20191021_200000.p2.flac,Miraflores,2019,10,Agelasticus thilius,Alternative Song,1.294512471655329,2.728344671201814,1205.859375,7235.15625,present,https://s3.amazonaws.com/arbimon2/project_2770/detections/10553/1_106.png,1571688060000,,0.3122618348895574,22307
202,168300567,MON_20191019_060700.p33.flac,Miraflores,2019,10,Agelasticus thilius,Alternative Song,12.323990929705216,13.7578231292517,1205.859375,7235.15625,present,https://s3.amazonaws.com/arbimon2/project_2770/detections/10553/0_3.png,1571467140000,,0.2007958445594379,22307
203,168300572,MON_20191019_080000.p1.flac,Miraflores,2019,10,Agelasticus thilius,Alternative Song,25.855419501133788,27.28925170068027,1205.859375,7235.15625,present,https://s3.amazonaws.com/arbimon2/project_2770/detections/10553/0_8.png,1571472000000,,0.2652872019175303,22307
204,168300574,MON_20191019_080000.p2.flac,Miraflores,2019,10,Agelasticus thilius,Alternative Song,4.307301587301588,5.7411337868480725,1205.859375,7235.15625,present,https://s3.amazonaws.com/arbimon2/project_2770/detections/10553/0_10.png,1571472060000,,0.2667665710933966,22307
205,168300578,MON_20191019_090000.p4.flac,Miraflores,2019,10,Agelasticus thilius,Alternative Song,47.33968253968254,48.77351473922902,1205.859375,7235.15625,present,https://s3.amazonaws.com/arbimon2/project_2770/detections/10553/0_14.png,1571475780000,,0.2620299563094803,22307
206,168300580,MON_20191019_130000.p1.flac,Miraflores,2019,10,Agelasticus thilius,Alternative Song,21.75709750566893,23.19092970521542,1205.859375,7235.15625,present,https://s3.amazonaws.com/arbimon2/project_2770/detections/10553/0_16.png,1571490000000,,0.3283794078375444,22307
207,168300581,MON_20191019_130000.p2.flac,Miraflores,2019,10,Agelasticus thilius,Alternative Song,2.670294784580499,4.104126984126984,1205.859375,7235.15625,present,https://s3.amazonaws.com/arbimon2/project_2770/detections/10553/0_17.png,1571490060000,,0.341020473396272,22307
208,168300583,MON_20191019_140000.p1.flac,Miraflores,2019,10,Agelasticus thilius,Alternative Song,32.124807256235826,33.55863945578231,1205.859375,7235.15625,present,https://s3.amazonaws.com/arbimon2/project_2770/detections/10553/0_19.png,1571493600000,,0.2735429318920143,22307
209,168300585,MON_20191019_140000.p3.flac,Miraflores,2019,10,Agelasticus thilius,Alternative Song,55.75111111111111,57.1849433106576,1205.859375,7235.15625,present,https://s3.amazonaws.com/arbimon2/project_2770/detections/10553/0_21.png,1571493720000,,0.3326781572162555,22307
210,168300589,MON_20191019_170000.p3.flac,Miraflores,2019,10,Agelasticus thilius,Alternative Song,57.28943310657596,58.72326530612245,1205.859375,7235.15625,present,https://s3.amazonaws.com/arbimon2/project_2770/detections/10553/0_25.png,1571504520000,,0.3754853149554705,22307
211,168300590,MON_20191019_170000.p3.flac,Miraflores,2019,10,Agelasticus thilius,Alternative Song,5.015510204081632,6.449342403628118,1205.859375,7235.15625,present,https://s3.amazonaws.com/arbimon2/project_2770/detections/10553/0_26.png,1571504520000,,0.3559997242825946,22307
212,168300594,MON_20191019_190000.p5.flac,Miraflores,2019,10,Agelasticus thilius,Alternative Song,33.53541950113379,34.969251700680275,1205.859375,7235.15625,present,https://s3.amazonaws.com/arbimon2/project_2770/detections/10553/0_30.png,1571511840000,,0.3214904980705685,22307
213,168300599,MON_20191020_060700.p36.flac,Miraflores,2019,10,Agelasticus thilius,Alternative Song,41.75528344671202,43.1891156462585,1205.859375,7235.15625,present,https://s3.amazonaws.com/arbimon2/project_2770/detections/10553/0_35.png,1571553720000,,0.2709134285080031,22307
214,168300601,MON_20191020_060700.p42.flac,Miraflores,2019,10,Agelasticus thilius,Alternative Song,57.759637188208615,59.1934693877551,1205.859375,7235.15625,present,https://s3.amazonaws.com/arbimon2/project_2770/detections/10553/0_37.png,1571554080000,,0.3186754395196234,22307
215,168300602,MON_20191020_060700.p42.flac,Miraflores,2019,10,Agelasticus thilius,Alternative Song,56.60444444444445,58.03827664399093,1205.859375,7235.15625,present,https://s3.amazonaws.com/arbimon2/project_2770/detections/10553/0_38.png,1571554080000,,0.201009852464871,22307
216,168300610,MON_20191026_060700.p11.flac,Miraflores,2019,10,Agelasticus thilius,Alternative Song,55.9136507936508,57.34748299319728,1205.859375,7235.15625,present,https://s3.amazonaws.com/arbimon2/project_2770/detections/10553/5_6.png,1572070620000,,0.3241204455844818,22307
217,168300611,MON_20191026_060700.p14.flac,Miraflores,2019,10,Agelasticus thilius,Alternative Song,14.419591836734694,15.85342403628118,1205.859375,7235.15625,present,https://s3.amazonaws.com/arbimon2/project_2770/detections/10553/5_7.png,1572070800000,,0.3124930372699163,22307
218,168300612,MON_20191026_060700.p13.flac,Miraflores,2019,10,Agelasticus thilius,Alternative Song,21.91963718820862,23.3534693877551,1205.859375,7235.15625,present,https://s3.amazonaws.com/arbimon2/project_2770/detections/10553/5_8.png,1572070740000,,0.2967836673899471,22307
219,168300613,MON_20191026_060700.p16.flac,Miraflores,2019,10,Agelasticus thilius,Alternative Song,16.480362811791384,17.914195011337867,1205.859375,7235.15625,present,https://s3.amazonaws.com/arbimon2/project_2770/detections/10553/5_9.png,1572070920000,,0.3707091856858958,22307
220,168300616,MON_20191026_060700.p17.flac,Miraflores,2019,10,Agelasticus thilius,Alternative Song,32.41505668934241,33.84888888888889,1205.859375,7235.15625,present,https://s3.amazonaws.com/arbimon2/project_2770/detections/10553/5_12.png,1572070980000,,0.3398679866956337,22307
221,168300619,MON_20191026_060700.p15.flac,Miraflores,2019,10,Agelasticus thilius,Alternative Song,16.50938775510204,17.943219954648526,1205.859375,7235.15625,present,https://s3.amazonaws.com/arbimon2/project_2770/detections/10553/5_15.png,1572070860000,,0.338377710200348,22307
222,168300620,MON_20191026_060700.p18.flac,Miraflores,2019,10,Agelasticus thilius,Alternative Song,51.79791383219955,53.231746031746034,1205.859375,7235.15625,present,https://s3.amazonaws.com/arbimon2/project_2770/detections/10553/5_16.png,1572071040000,,0.3552390794674676,22307
223,168300622,MON_20191026_060700.p21.flac,Miraflores,2019,10,Agelasticus thilius,Alternative Song,26.01795918367347,27.451791383219955,1205.859375,7235.15625,present,https://s3.amazonaws.com/arbimon2/project_2770/detections/10553/5_18.png,1572071220000,,0.3418721625718062,22307
224,168300623,MON_20191026_060700.p21.flac,Miraflores,2019,10,Agelasticus thilius,Alternative Song,13.583673469387756,15.01750566893424,1205.859375,7235.15625,present,https://s3.amazonaws.com/arbimon2/project_2770/detections/10553/5_19.png,1572071220000,,0.27895031111004,22307
225,168300624,MON_20191026_060700.p20.flac,Miraflores,2019,10,Agelasticus thilius,Alternative Song,45.17442176870748,46.60825396825397,1205.859375,7235.15625,present,https://s3.amazonaws.com/arbimon2/project_2770/detections/10553/5_20.png,1572071160000,,0.2959576863187323,22307
226,168300625,MON_20191026_060700.p19.flac,Miraflores,2019,10,Agelasticus thilius,Alternative Song,57.94539682539683,59.379229024943314,1205.859375,7235.15625,present,https://s3.amazonaws.com/arbimon2/project_2770/detections/10553/5_21.png,1572071100000,,0.3252364296681346,22307
227,168300626,MON_20191026_060700.p22.flac,Miraflores,2019,10,Agelasticus thilius,Alternative Song,15.696689342403628,17.130521541950113,1205.859375,7235.15625,present,https://s3.amazonaws.com/arbimon2/project_2770/detections/10553/5_22.png,1572071280000,,0.3082879878687113,22307
228,168300627,MON_20191026_060700.p23.flac,Miraflores,2019,10,Agelasticus thilius,Alternative Song,17.757460317460318,19.191292517006804,1205.859375,7235.15625,present,https://s3.amazonaws.com/arbimon2/project_2770/detections/10553/5_23.png,1572071340000,,0.3092103869128153,22307
229,168300631,MON_20191026_060700.p25.flac,Miraflores,2019,10,Agelasticus thilius,Alternative Song,20.851519274376415,22.2853514739229,1205.859375,7235.15625,present,https://s3.amazonaws.com/arbimon2/project_2770/detections/10553/5_27.png,1572071460000,,0.2551400889663908,22307
230,168300634,MON_20191026_060700.p27.flac,Miraflores,2019,10,Agelasticus thilius,Alternative Song,53.62648526077098,55.06031746031746,1205.859375,7235.15625,present,https://s3.amazonaws.com/arbimon2/project_2770/detections/10553/5_30.png,1572071580000,,0.2629135142863941,22307
231,168300637,MON_20191026_060700.p28.flac,Miraflores,2019,10,Agelasticus thilius,Alternative Song,24.706031746031748,26.13986394557823,1205.859375,7235.15625,present,https://s3.amazonaws.com/arbimon2/project_2770/detections/10553/5_33.png,1572071640000,,0.258993252080534,22307
232,168300638,MON_20191026_060700.p28.flac,Miraflores,2019,10,Agelasticus thilius,Alternative Song,46.96816326530613,48.40199546485261,1205.859375,7235.15625,present,https://s3.amazonaws.com/arbimon2/project_2770/detections/10553/5_34.png,1572071640000,,0.2531475864762225,22307
233,168300639,MON_20191026_060700.p31.flac,Miraflores,2019,10,Agelasticus thilius,Alternative Song,35.427845804988664,36.86167800453515,1205.859375,7235.15625,present,https://s3.amazonaws.com/arbimon2/project_2770/detections/10553/5_35.png,1572071820000,,0.3106375736175427,22307
234,168300643,MON_20191026_060700.p40.flac,Miraflores,2019,10,Agelasticus thilius,Alternative Song,13.432743764172336,14.86657596371882,1205.859375,7235.15625,present,https://s3.amazonaws.com/arbimon2/project_2770/detections/10553/5_39.png,1572072360000,,0.2600102994287857,22307
235,168300682,MON_20191026_130000.p5.flac,Miraflores,2019,10,Agelasticus thilius,Alternative Song,17.58331065759637,19.017142857142854,1205.859375,7235.15625,present,https://s3.amazonaws.com/arbimon2/project_2770/detections/10553/5_78.png,1572095040000,,0.4906512563959322,22307
236,168300702,MON_20191026_180000.p1.flac,Miraflores,2019,10,Agelasticus thilius,Alternative Song,26.60426303854875,28.03809523809524,1205.859375,7235.15625,present,https://s3.amazonaws.com/arbimon2/project_2770/detections/10553/5_98.png,1572112800000,,0.4338957358597874,22307
237,168300719,MON_20191026_200700.p5.flac,Miraflores,2019,10,Agelasticus thilius,Alternative Song,40.48979591836735,41.92362811791383,1205.859375,7235.15625,present,https://s3.amazonaws.com/arbimon2/project_2770/detections/10553/5_115.png,1572120660000,,0.2604259003083488,22307
238,168300721,MON_20191026_200700.p6.flac,Miraflores,2019,10,Agelasticus thilius,Alternative Song,12.271746031746032,13.705578231292517,1205.859375,7235.15625,present,https://s3.amazonaws.com/arbimon2/project_2770/detections/10553/5_117.png,1572120720000,,0.3906462311676647,22307
239,168300723,MON_20191026_200700.p7.flac,Miraflores,2019,10,Agelasticus thilius,Alternative Song,27.846530612244894,29.280362811791385,1205.859375,7235.15625,present,https://s3.amazonaws.com/arbimon2/project_2770/detections/10553/5_119.png,1572120780000,,0.4631669074919036,22307
240,168300724,MON_20191026_200700.p9.flac,Miraflores,2019,10,Agelasticus thilius,Alternative Song,9.723356009070296,11.15718820861678,1205.859375,7235.15625,present,https://s3.amazonaws.com/arbimon2/project_2770/detections/10553/5_120.png,1572120900000,,0.3940719673103034,22307
241,168300725,MON_20191026_200700.p9.flac,Miraflores,2019,10,Agelasticus thilius,Alternative Song,40.88453514739229,42.31836734693878,1205.859375,7235.15625,present,https://s3.amazonaws.com/arbimon2/project_2770/detections/10553/5_121.png,1572120900000,,0.3726298782092814,22307
242,168300726,MON_20191026_200700.p9.flac,Miraflores,2019,10,Agelasticus thilius,Alternative Song,51.68181405895692,53.1156462585034,1205.859375,7235.15625,present,https://s3.amazonaws.com/arbimon2/project_2770/detections/10553/5_122.png,1572120900000,,0.3134187087106697,22307
243,168300727,MON_20191026_200700.p8.flac,Miraflores,2019,10,Agelasticus thilius,Alternative Song,2.29297052154195,3.7268027210884354,1205.859375,7235.15625,present,https://s3.amazonaws.com/arbimon2/project_2770/detections/10553/5_123.png,1572120840000,,0.4731564062585223,22307
244,168300728,MON_20191026_200700.p11.flac,Miraflores,2019,10,Agelasticus thilius,Alternative Song,1.7066666666666668,3.140498866213152,1205.859375,7235.15625,present,https://s3.amazonaws.com/arbimon2/project_2770/detections/10553/5_124.png,1572121020000,,0.3591563121582882,22307
245,168300729,MON_20191026_200700.p11.flac,Miraflores,2019,10,Agelasticus thilius,Alternative Song,15.197460317460315,16.631292517006802,1205.859375,7235.15625,present,https://s3.amazonaws.com/arbimon2/project_2770/detections/10553/5_125.png,1572121020000,,0.2886593757140529,22307
246,168300730,MON_20191026_200700.p13.flac,Miraflores,2019,10,Agelasticus thilius,Alternative Song,45.24408163265306,46.67791383219954,1205.859375,7235.15625,present,https://s3.amazonaws.com/arbimon2/project_2770/detections/10553/5_126.png,1572121140000,,0.3906571101371794,22307
247,168300731,MON_20191026_200700.p14.flac,Miraflores,2019,10,Agelasticus thilius,Alternative Song,46.625668934240366,48.059501133786846,1205.859375,7235.15625,present,https://s3.amazonaws.com/arbimon2/project_2770/detections/10553/5_127.png,1572121200000,,0.4051101466862472,22307
248,168300732,MON_20191026_200700.p14.flac,Miraflores,2019,10,Agelasticus thilius,Alternative Song,19.313197278911563,20.74702947845805,1205.859375,7235.15625,present,https://s3.amazonaws.com/arbimon2/project_2770/detections/10553/5_128.png,1572121200000,,0.3894487994222182,22307
249,168300733,MON_20191026_200700.p12.flac,Miraflores,2019,10,Agelasticus thilius,Alternative Song,57.5912925170068,59.025124716553286,1205.859375,7235.15625,present,https://s3.amazonaws.com/arbimon2/project_2770/detections/10553/5_129.png,1572121080000,,0.364277146285875,22307
250,168300751,MON_20191105_150000.p3.flac,Miraflores,2019,11,Agelasticus thilius,Alternative Song,53.48136054421769,54.91519274376417,1205.859375,7235.15625,present,https://s3.amazonaws.com/arbimon2/project_2770/detections/10553/13_0.png,1572966120000,,0.401956889028551,22307
251,168300762,MON_20191105_180000.p1.flac,Miraflores,2019,11,Agelasticus thilius,Alternative Song,12.248526077097504,13.68235827664399,1205.859375,7235.15625,present,https://s3.amazonaws.com/arbimon2/project_2770/detections/10553/13_11.png,1572976800000,,0.2925457147722013,22307
252,168300764,MON_20191105_200000.p1.flac,Miraflores,2019,11,Agelasticus thilius,Alternative Song,11.760907029478458,13.194739229024943,1205.859375,7235.15625,present,https://s3.amazonaws.com/arbimon2/project_2770/detections/10553/13_13.png,1572984000000,,0.2585070340118146,22307
253,168300774,MON_20191105_200700.p3.flac,Miraflores,2019,11,Agelasticus thilius,Alternative Song,48.73287981859411,50.166712018140586,1205.859375,7235.15625,present,https://s3.amazonaws.com/arbimon2/project_2770/detections/10553/13_23.png,1572984540000,,0.2802909846532985,22307
254,168300777,MON_20191105_200700.p5.flac,Miraflores,2019,11,Agelasticus thilius,Alternative Song,50.6659410430839,52.099773242630384,1205.859375,7235.15625,present,https://s3.amazonaws.com/arbimon2/project_2770/detections/10553/13_26.png,1572984660000,,0.2598235934609204,22307
255,168300783,MON_20191105_200700.p12.flac,Miraflores,2019,11,Agelasticus thilius,Alternative Song,6.716371882086168,8.150204081632653,1205.859375,7235.15625,present,https://s3.amazonaws.com/arbimon2/project_2770/detections/10553/13_32.png,1572985080000,,0.3481189314567954,22307
256,168300784,MON_20191105_200700.p12.flac,Miraflores,2019,11,Agelasticus thilius,Alternative Song,31.71265306122449,33.14648526077097,1205.859375,7235.15625,present,https://s3.amazonaws.com/arbimon2/project_2770/detections/10553/13_33.png,1572985080000,,0.2702405104805032,22307
257,168300786,MON_20191105_200700.p15.flac,Miraflores,2019,11,Agelasticus thilius,Alternative Song,43.35165532879819,44.78548752834468,1205.859375,7235.15625,present,https://s3.amazonaws.com/arbimon2/project_2770/detections/10553/13_35.png,1572985260000,,0.2567060537545458,22307
258,168300788,MON_20191105_200700.p16.flac,Miraflores,2019,11,Agelasticus thilius,Alternative Song,28.688253968253967,30.12208616780045,1205.859375,7235.15625,present,https://s3.amazonaws.com/arbimon2/project_2770/detections/10553/13_37.png,1572985320000,,0.306242058703455,22307
259,168300790,MON_20191105_200700.p19.flac,Miraflores,2019,11,Agelasticus thilius,Alternative Song,34.69641723356009,36.13024943310658,1205.859375,7235.15625,present,https://s3.amazonaws.com/arbimon2/project_2770/detections/10553/13_39.png,1572985500000,,0.397804898558494,22307
260,168300791,MON_20191105_200700.p21.flac,Miraflores,2019,11,Agelasticus thilius,Alternative Song,38.55092970521542,39.9847619047619,1205.859375,7235.15625,present,https://s3.amazonaws.com/arbimon2/project_2770/detections/10553/13_40.png,1572985620000,,0.4178934108306135,22307
261,168300807,MON_20191106_070000.p1.flac,Miraflores,2019,11,Agelasticus thilius,Alternative Song,57.30684807256236,58.74068027210885,1205.859375,7235.15625,present,https://s3.amazonaws.com/arbimon2/project_2770/detections/10553/13_56.png,1573023600000,,0.2586591436267431,22307
262,168300809,MON_20191106_070000.p4.flac,Miraflores,2019,11,Agelasticus thilius,Alternative Song,8.89904761904762,10.332879818594105,1205.859375,7235.15625,present,https://s3.amazonaws.com/arbimon2/project_2770/detections/10553/13_58.png,1573023780000,,0.3276482705711938,22307
263,168300815,MON_20191106_080000.p2.flac,Miraflores,2019,11,Agelasticus thilius,Alternative Song,29.57061224489796,31.004444444444445,1205.859375,7235.15625,present,https://s3.amazonaws.com/arbimon2/project_2770/detections/10553/13_64.png,1573027260000,,0.2669441011754044,22307
264,168300824,MON_20191106_100000.p3.flac,Miraflores,2019,11,Agelasticus thilius,Alternative Song,2.246530612244898,3.680362811791383,1205.859375,7235.15625,present,https://s3.amazonaws.com/arbimon2/project_2770/detections/10553/13_73.png,1573034520000,,0.373047503011215,22307
265,168300859,MON_20191106_190000.p5.flac,Miraflores,2019,11,Agelasticus thilius,Alternative Song,17.623945578231293,19.057777777777776,1205.859375,7235.15625,present,https://s3.amazonaws.com/arbimon2/project_2770/detections/10553/13_108.png,1573067040000,,0.2550668085046892,22307
266,168300860,MON_20191106_200000.p1.flac,Miraflores,2019,11,Agelasticus thilius,Alternative Song,14.686621315192744,16.12045351473923,1205.859375,7235.15625,present,https://s3.amazonaws.com/arbimon2/project_2770/detections/10553/13_109.png,1573070400000,,0.3152616117695355,22307
267,168300861,MON_20191106_200700.p7.flac,Miraflores,2019,11,Agelasticus thilius,Alternative Song,24.468027210884355,25.90185941043084,1205.859375,7235.15625,present,https://s3.amazonaws.com/arbimon2/project_2770/detections/10553/13_110.png,1573071180000,,0.3704651078676317,22307
268,168300862,MON_20191106_200700.p7.flac,Miraflores,2019,11,Agelasticus thilius,Alternative Song,1.085532879818594,2.5193650793650795,1205.859375,7235.15625,present,https://s3.amazonaws.com/arbimon2/project_2770/detections/10553/13_111.png,1573071180000,,0.3647822079155753,22307
269,168300865,MON_20191106_200700.p6.flac,Miraflores,2019,11,Agelasticus thilius,Alternative Song,44.651972789115646,46.08580498866213,1205.859375,7235.15625,present,https://s3.amazonaws.com/arbimon2/project_2770/detections/10553/13_114.png,1573071120000,,0.3553910026944575,22307
270,168300870,MON_20191106_200700.p18.flac,Miraflores,2019,11,Agelasticus thilius,Alternative Song,4.313106575963719,5.746938775510204,1205.859375,7235.15625,present,https://s3.amazonaws.com/arbimon2/project_2770/detections/10553/13_119.png,1573071840000,,0.3228534740399453,22307
271,168300876,MON_20191106_200700.p20.flac,Miraflores,2019,11,Agelasticus thilius,Alternative Song,10.85532879818594,12.289160997732424,1205.859375,7235.15625,present,https://s3.amazonaws.com/arbimon2/project_2770/detections/10553/13_125.png,1573071960000,,0.2002792660505822,22307
272,168300877,MON_20191106_200700.p21.flac,Miraflores,2019,11,Agelasticus thilius,Alternative Song,8.533333333333333,9.967165532879818,1205.859375,7235.15625,present,https://s3.amazonaws.com/arbimon2/project_2770/detections/10553/13_126.png,1573072020000,,0.2555390035386311,22307
273,168300881,MON_20191106_200700.p24.flac,Miraflores,2019,11,Agelasticus thilius,Alternative Song,18.291519274376416,19.725351473922903,1205.859375,7235.15625,present,https://s3.amazonaws.com/arbimon2/project_2770/detections/10553/13_130.png,1573072200000,,0.3251396144470724,22307
274,168300883,MON_20191106_200700.p26.flac,Miraflores,2019,11,Agelasticus thilius,Alternative Song,23.91655328798186,25.350385487528342,1205.859375,7235.15625,present,https://s3.amazonaws.com/arbimon2/project_2770/detections/10553/13_132.png,1573072320000,,0.3649212175345157,22307
275,168300886,MON_20191106_200700.p25.flac,Miraflores,2019,11,Agelasticus thilius,Alternative Song,8.632018140589569,10.065850340136054,1205.859375,7235.15625,present,https://s3.amazonaws.com/arbimon2/project_2770/detections/10553/13_135.png,1573072260000,,0.3575659840941539,22307
276,168300887,MON_20191106_200700.p25.flac,Miraflores,2019,11,Agelasticus thilius,Alternative Song,49.13922902494331,50.5730612244898,1205.859375,7235.15625,present,https://s3.amazonaws.com/arbimon2/project_2770/detections/10553/13_136.png,1573072260000,,0.2908591002303167,22307
277,168300922,MON_20191120_210000.p1.flac,Miraflores,2019,11,Agelasticus thilius,Alternative Song,4.440816326530612,5.874648526077097,1205.859375,7235.15625,present,https://s3.amazonaws.com/arbimon2/project_2770/detections/10553/24_22.png,1574283600000,,0.2724000807183567,22307
278,168300925,MON_20191121_060700.p23.flac,Miraflores,2019,11,Agelasticus thilius,Alternative Song,44.19337868480726,45.627210884353744,1205.859375,7235.15625,present,https://s3.amazonaws.com/arbimon2/project_2770/detections/10553/24_25.png,1574317740000,,0.2783523387212751,22307
279,168300929,MON_20191121_060700.p38.flac,Miraflores,2019,11,Agelasticus thilius,Alternative Song,52.11718820861678,53.55102040816327,1205.859375,7235.15625,present,https://s3.amazonaws.com/arbimon2/project_2770/detections/10553/24_29.png,1574318640000,,0.2576069635066935,22307
280,168300934,MON_20191121_070000.p4.flac,Miraflores,2019,11,Agelasticus thilius,Alternative Song,1.6950566893424035,3.128888888888889,1205.859375,7235.15625,present,https://s3.amazonaws.com/arbimon2/project_2770/detections/10553/24_34.png,1574319780000,,0.2581241042059684,22307
281,168300962,MON_20191031_060700.p30.flac,Miraflores,2019,10,Agelasticus thilius,Alternative Song,13.589478458049886,15.023310657596372,1205.859375,7235.15625,present,https://s3.amazonaws.com/arbimon2/project_2770/detections/10553/9_8.png,1572503760000,,0.2807709859587437,22307
282,168300963,MON_20191031_060700.p30.flac,Miraflores,2019,10,Agelasticus thilius,Alternative Song,53.02857142857143,54.46240362811791,1205.859375,7235.15625,present,https://s3.amazonaws.com/arbimon2/project_2770/detections/10553/9_9.png,1572503760000,,0.2561025363429777,22307
283,168300977,MON_20191031_060700.p42.flac,Miraflores,2019,10,Agelasticus thilius,Alternative Song,28.746303854875283,30.18013605442177,1205.859375,7235.15625,present,https://s3.amazonaws.com/arbimon2/project_2770/detections/10553/9_23.png,1572504480000,,0.2656323655452254,22307
284,168300981,MON_20191031_060700.p43.flac,Miraflores,2019,10,Agelasticus thilius,Alternative Song,8.121179138321995,9.55501133786848,1205.859375,7235.15625,present,https://s3.amazonaws.com/arbimon2/project_2770/detections/10553/9_27.png,1572504540000,,0.28772383063897,22307
285,168300983,MON_20191031_060700.p48.flac,Miraflores,2019,10,Agelasticus thilius,Alternative Song,3.633922902494331,5.067755102040817,1205.859375,7235.15625,present,https://s3.amazonaws.com/arbimon2/project_2770/detections/10553/9_29.png,1572504840000,,0.2878665708056017,22307
286,168300984,MON_20191031_060700.p48.flac,Miraflores,2019,10,Agelasticus thilius,Alternative Song,19.260952380952386,20.694784580498865,1205.859375,7235.15625,present,https://s3.amazonaws.com/arbimon2/project_2770/detections/10553/9_30.png,1572504840000,,0.2782722767476327,22307
287,168300985,MON_20191031_060700.p48.flac,Miraflores,2019,10,Agelasticus thilius,Alternative Song,11.012063492063492,12.445895691609977,1205.859375,7235.15625,present,https://s3.amazonaws.com/arbimon2/project_2770/detections/10553/9_31.png,1572504840000,,0.266866343128451,22307
288,168300987,MON_20191031_060700.p47.flac,Miraflores,2019,10,Agelasticus thilius,Alternative Song,34.603537414965984,36.03736961451247,1205.859375,7235.15625,present,https://s3.amazonaws.com/arbimon2/project_2770/detections/10553/9_33.png,1572504780000,,0.2816418521634761,22307
289,168300992,MON_20191031_060700.p51.flac,Miraflores,2019,10,Agelasticus thilius,Alternative Song,16.265578231292515,17.699410430839002,1205.859375,7235.15625,present,https://s3.amazonaws.com/arbimon2/project_2770/detections/10553/9_38.png,1572505020000,,0.3117357287811658,22307
290,168301014,MON_20191031_100000.p2.flac,Miraflores,2019,10,Agelasticus thilius,Alternative Song,50.12607709750567,51.55990929705215,1205.859375,7235.15625,present,https://s3.amazonaws.com/arbimon2/project_2770/detections/10553/9_60.png,1572516060000,,0.3867433551801799,22307
291,168301015,MON_20191031_100000.p2.flac,Miraflores,2019,10,Agelasticus thilius,Alternative Song,14.082902494331066,15.51673469387755,1205.859375,7235.15625,present,https://s3.amazonaws.com/arbimon2/project_2770/detections/10553/9_61.png,1572516060000,,0.3845717127406327,22307
292,168301026,MON_20191031_110000.p4.flac,Miraflores,2019,10,Agelasticus thilius,Alternative Song,44.10049886621315,45.53433106575964,1205.859375,7235.15625,present,https://s3.amazonaws.com/arbimon2/project_2770/detections/10553/9_72.png,1572519780000,,0.3110823759848737,22307
293,168301027,MON_20191031_110000.p4.flac,Miraflores,2019,10,Agelasticus thilius,Alternative Song,3.5526530612244898,4.986485260770975,1205.859375,7235.15625,present,https://s3.amazonaws.com/arbimon2/project_2770/detections/10553/9_73.png,1572519780000,,0.2737378595221552,22307
294,168301039,MON_20191031_130000.p5.flac,Miraflores,2019,10,Agelasticus thilius,Alternative Song,14.21641723356009,15.650249433106575,1205.859375,7235.15625,present,https://s3.amazonaws.com/arbimon2/project_2770/detections/10553/9_85.png,1572527040000,,0.2607198186785577,22307
295,168301040,MON_20191031_130000.p4.flac,Miraflores,2019,10,Agelasticus thilius,Alternative Song,39.42748299319728,40.86131519274377,1205.859375,7235.15625,present,https://s3.amazonaws.com/arbimon2/project_2770/detections/10553/9_86.png,1572526980000,,0.2712944239850873,22307
296,168301045,MON_20191031_200700.p1.flac,Miraflores,2019,10,Agelasticus thilius,Alternative Song,32.90848072562358,34.34231292517007,1205.859375,7235.15625,present,https://s3.amazonaws.com/arbimon2/project_2770/detections/10553/9_91.png,1572552420000,,0.2817924437477823,22307
297,168301048,MON_20191101_100000.p1.flac,Miraflores,2019,11,Agelasticus thilius,Alternative Song,31.805532879818596,33.23936507936508,1205.859375,7235.15625,present,https://s3.amazonaws.com/arbimon2/project_2770/detections/10553/9_94.png,1572602400000,,0.3369149747480235,22307
298,168301096,MON_20191122_130000.p1.flac,Miraflores,2019,11,Agelasticus thilius,Alternative Song,41.03546485260771,42.4692970521542,1205.859375,7235.15625,present,https://s3.amazonaws.com/arbimon2/project_2770/detections/10553/25_38.png,1574427600000,,0.2541204389152671,22307
299,168301134,MON_20191122_200000.p3.flac,Miraflores,2019,11,Agelasticus thilius,Alternative Song,41.01804988662131,42.4518820861678,1205.859375,7235.15625,present,https://s3.amazonaws.com/arbimon2/project_2770/detections/10553/25_76.png,1574452920000,,0.2632207625910936,22307
300,168301142,MON_20191122_200700.p22.flac,Miraflores,2019,11,Agelasticus thilius,Alternative Song,23.52181405895692,24.9556462585034,1205.859375,7235.15625,present,https://s3.amazonaws.com/arbimon2/project_2770/detections/10553/25_84.png,1574454480000,,0.2977288856536633,22307
301,168301152,MON_20191122_200700.p33.flac,Miraflores,2019,11,Agelasticus thilius,Alternative Song,13.177324263038548,14.611156462585036,1205.859375,7235.15625,present,https://s3.amazonaws.com/arbimon2/project_2770/detections/10553/25_94.png,1574455140000,,0.2676228333475569,22307
302,168301155,MON_20191122_200700.p50.flac,Miraflores,2019,11,Agelasticus thilius,Alternative Song,13.926167800453516,15.36,1205.859375,7235.15625,present,https://s3.amazonaws.com/arbimon2/project_2770/detections/10553/25_97.png,1574456160000,,0.2000278887436628,22307
303,168301162,MON_20191112_060700.p39.flac,Miraflores,2019,11,Agelasticus thilius,Alternative Song,17.449795918367347,18.883628117913837,1205.859375,7235.15625,present,https://s3.amazonaws.com/arbimon2/project_2770/detections/10553/18_2.png,1573541100000,,0.4101689864615999,22307
304,168301163,MON_20191112_060700.p41.flac,Miraflores,2019,11,Agelasticus thilius,Alternative Song,51.54829931972789,52.982131519274375,1205.859375,7235.15625,present,https://s3.amazonaws.com/arbimon2/project_2770/detections/10553/18_3.png,1573541220000,,0.2768136886124384,22307
305,168301164,MON_20191112_060700.p43.flac,Miraflores,2019,11,Agelasticus thilius,Alternative Song,44.81451247165533,46.24834467120181,1205.859375,7235.15625,present,https://s3.amazonaws.com/arbimon2/project_2770/detections/10553/18_4.png,1573541340000,,0.385219776251023,22307
306,168301165,MON_20191112_060700.p43.flac,Miraflores,2019,11,Agelasticus thilius,Alternative Song,50.42213151927437,51.85596371882086,1205.859375,7235.15625,present,https://s3.amazonaws.com/arbimon2/project_2770/detections/10553/18_5.png,1573541340000,,0.2896242430232978,22307
307,168301169,MON_20191112_060700.p44.flac,Miraflores,2019,11,Agelasticus thilius,Alternative Song,46.79981859410431,48.2336507936508,1205.859375,7235.15625,present,https://s3.amazonaws.com/arbimon2/project_2770/detections/10553/18_9.png,1573541400000,,0.3233433430993536,22307
308,168301182,MON_20191112_090000.p1.flac,Miraflores,2019,11,Agelasticus thilius,Alternative Song,53.01115646258504,54.44498866213152,1205.859375,7235.15625,present,https://s3.amazonaws.com/arbimon2/project_2770/detections/10553/18_22.png,1573549200000,,0.2736663297920523,22307
309,168301183,MON_20191112_090000.p2.flac,Miraflores,2019,11,Agelasticus thilius,Alternative Song,14.89560090702948,16.329433106575962,1205.859375,7235.15625,present,https://s3.amazonaws.com/arbimon2/project_2770/detections/10553/18_23.png,1573549260000,,0.2973373582574404,22307
310,168301184,MON_20191112_090000.p2.flac,Miraflores,2019,11,Agelasticus thilius,Alternative Song,55.30993197278912,56.7437641723356,1205.859375,7235.15625,present,https://s3.amazonaws.com/arbimon2/project_2770/detections/10553/18_24.png,1573549260000,,0.2668304801256641,22307
311,168301185,MON_20191112_090000.p3.flac,Miraflores,2019,11,Agelasticus thilius,Alternative Song,10.443174603174604,11.877006802721088,1205.859375,7235.15625,present,https://s3.amazonaws.com/arbimon2/project_2770/detections/10553/18_25.png,1573549320000,,0.3302096481182116,22307
312,168301186,MON_20191112_090000.p3.flac,Miraflores,2019,11,Agelasticus thilius,Alternative Song,28.92625850340136,30.360090702947847,1205.859375,7235.15625,present,https://s3.amazonaws.com/arbimon2/project_2770/detections/10553/18_26.png,1573549320000,,0.2576863905763516,22307
313,168301189,MON_20191112_090000.p4.flac,Miraflores,2019,11,Agelasticus thilius,Alternative Song,46.823038548752834,48.25687074829932,1205.859375,7235.15625,present,https://s3.amazonaws.com/arbimon2/project_2770/detections/10553/18_29.png,1573549380000,,0.2009641410968085,22307
314,168301204,MON_20191112_110000.p3.flac,Miraflores,2019,11,Agelasticus thilius,Alternative Song,6.362267573696145,7.796099773242631,1205.859375,7235.15625,present,https://s3.amazonaws.com/arbimon2/project_2770/detections/10553/18_44.png,1573556520000,,0.2628280313350851,22307
315,168301216,MON_20191112_160000.p2.flac,Miraflores,2019,11,Agelasticus thilius,Alternative Song,30.1859410430839,31.619773242630387,1205.859375,7235.15625,present,https://s3.amazonaws.com/arbimon2/project_2770/detections/10553/18_56.png,1573574460000,,0.3175262344602806,22307
316,168301217,MON_20191112_170000.p3.flac,Miraflores,2019,11,Agelasticus thilius,Alternative Song,5.7817687074829935,7.215600907029478,1205.859375,7235.15625,present,https://s3.amazonaws.com/arbimon2/project_2770/detections/10553/18_57.png,1573578120000,,0.3037877219338696,22307
317,168301220,MON_20191112_200700.p2.flac,Miraflores,2019,11,Agelasticus thilius,Alternative Song,50.567256235827664,52.00108843537415,1205.859375,7235.15625,present,https://s3.amazonaws.com/arbimon2/project_2770/detections/10553/18_60.png,1573589280000,,0.2617223352547046,22307
318,168301221,MON_20191112_200700.p3.flac,Miraflores,2019,11,Agelasticus thilius,Alternative Song,19.67310657596372,21.106938775510205,1205.859375,7235.15625,present,https://s3.amazonaws.com/arbimon2/project_2770/detections/10553/18_61.png,1573589340000,,0.2709790964107963,22307
319,168301226,MON_20191112_200700.p22.flac,Miraflores,2019,11,Agelasticus thilius,Alternative Song,7.3317006802721085,8.765532879818593,1205.859375,7235.15625,present,https://s3.amazonaws.com/arbimon2/project_2770/detections/10553/18_66.png,1573590480000,,0.3156639617227627,22307
320,168301233,MON_20191113_060000.p1.flac,Miraflores,2019,11,Agelasticus thilius,Alternative Song,20.613514739229025,22.04734693877551,1205.859375,7235.15625,present,https://s3.amazonaws.com/arbimon2/project_2770/detections/10553/18_73.png,1573624800000,,0.265820834413126,22307
321,168301240,MON_20191113_060700.p24.flac,Miraflores,2019,11,Agelasticus thilius,Alternative Song,48.1059410430839,49.53977324263039,1205.859375,7235.15625,present,https://s3.amazonaws.com/arbimon2/project_2770/detections/10553/18_80.png,1573626600000,,0.2594597379900135,22307
322,168301247,MON_20191113_060700.p40.flac,Miraflores,2019,11,Agelasticus thilius,Alternative Song,2.9315192743764173,4.365351473922902,1205.859375,7235.15625,present,https://s3.amazonaws.com/arbimon2/project_2770/detections/10553/18_87.png,1573627560000,,0.2853521144911469,22307
323,168301248,MON_20191113_060700.p40.flac,Miraflores,2019,11,Agelasticus thilius,Alternative Song,33.03038548752834,34.46421768707483,1205.859375,7235.15625,present,https://s3.amazonaws.com/arbimon2/project_2770/detections/10553/18_88.png,1573627560000,,0.2662499392867896,22307
324,168301256,MON_20191113_060700.p43.flac,Miraflores,2019,11,Agelasticus thilius,Alternative Song,50.51501133786848,51.948843537414966,1205.859375,7235.15625,present,https://s3.amazonaws.com/arbimon2/project_2770/detections/10553/18_96.png,1573627740000,,0.2762721780195855,22307
325,168301285,MON_20191113_110000.p4.flac,Miraflores,2019,11,Agelasticus thilius,Alternative Song,46.64888888888889,48.08272108843538,1205.859375,7235.15625,present,https://s3.amazonaws.com/arbimon2/project_2770/detections/10553/18_125.png,1573642980000,,0.3766595711710334,22307
326,168301286,MON_20191113_110000.p3.flac,Miraflores,2019,11,Agelasticus thilius,Alternative Song,37.15773242630385,38.59156462585034,1205.859375,7235.15625,present,https://s3.amazonaws.com/arbimon2/project_2770/detections/10553/18_126.png,1573642920000,,0.3516868847727925,22307
327,168301287,MON_20191113_110000.p5.flac,Miraflores,2019,11,Agelasticus thilius,Alternative Song,29.61705215419501,31.0508843537415,1205.859375,7235.15625,present,https://s3.amazonaws.com/arbimon2/project_2770/detections/10553/18_127.png,1573643040000,,0.393307946113258,22307
328,168301292,MON_20191113_130000.p3.flac,Miraflores,2019,11,Agelasticus thilius,Alternative Song,38.539319727891154,39.97315192743764,1205.859375,7235.15625,present,https://s3.amazonaws.com/arbimon2/project_2770/detections/10553/18_132.png,1573650120000,,0.3049166839026664,22307
329,168301300,MON_20191113_140000.p5.flac,Miraflores,2019,11,Agelasticus thilius,Alternative Song,27.951020408163263,29.38485260770975,1205.859375,7235.15625,present,https://s3.amazonaws.com/arbimon2/project_2770/detections/10553/18_140.png,1573653840000,,0.3673088564975971,22307
330,168301301,MON_20191113_140000.p5.flac,Miraflores,2019,11,Agelasticus thilius,Alternative Song,16.439727891156462,17.87356009070295,1205.859375,7235.15625,present,https://s3.amazonaws.com/arbimon2/project_2770/detections/10553/18_141.png,1573653840000,,0.3597193050935549,22307
331,168301302,MON_20191113_140000.p5.flac,Miraflores,2019,11,Agelasticus thilius,Alternative Song,39.38684807256236,40.820680272108845,1205.859375,7235.15625,present,https://s3.amazonaws.com/arbimon2/project_2770/detections/10553/18_142.png,1573653840000,,0.3248223007137192,22307
332,168301308,MON_20191113_180000.p1.flac,Miraflores,2019,11,Agelasticus thilius,Alternative Song,5.6656689342403626,7.099501133786848,1205.859375,7235.15625,present,https://s3.amazonaws.com/arbimon2/project_2770/detections/10553/18_148.png,1573668000000,,0.2604532915151032,22307
333,168301314,MON_20191030_060700.p5.flac,Miraflores,2019,10,Agelasticus thilius,Alternative Song,20.845714285714287,22.27954648526077,1205.859375,7235.15625,present,https://s3.amazonaws.com/arbimon2/project_2770/detections/10553/8_3.png,1572415860000,,0.2759614077810907,22307
334,168301315,MON_20191030_060700.p8.flac,Miraflores,2019,10,Agelasticus thilius,Alternative Song,7.047256235827664,8.481088435374149,1205.859375,7235.15625,present,https://s3.amazonaws.com/arbimon2/project_2770/detections/10553/8_4.png,1572416040000,,0.3056824068928298,22307
335,168301317,MON_20191030_060700.p23.flac,Miraflores,2019,10,Agelasticus thilius,Alternative Song,24.920816326530613,26.354648526077096,1205.859375,7235.15625,present,https://s3.amazonaws.com/arbimon2/project_2770/detections/10553/8_6.png,1572416940000,,0.2826426577215952,22307
336,168301333,MON_20191030_060700.p38.flac,Miraflores,2019,10,Agelasticus thilius,Alternative Song,1.4396371882086167,2.873469387755102,1205.859375,7235.15625,present,https://s3.amazonaws.com/arbimon2/project_2770/detections/10553/8_22.png,1572417840000,,0.260299632192118,22307
337,168301364,MON_20191030_090000.p2.flac,Miraflores,2019,10,Agelasticus thilius,Alternative Song,0.8475283446712019,2.281360544217687,1205.859375,7235.15625,present,https://s3.amazonaws.com/arbimon2/project_2770/detections/10553/8_53.png,1572426060000,,0.3302220413620114,22307
338,168301370,MON_20191030_090000.p4.flac,Miraflores,2019,10,Agelasticus thilius,Alternative Song,8.684263038548753,10.118095238095238,1205.859375,7235.15625,present,https://s3.amazonaws.com/arbimon2/project_2770/detections/10553/8_59.png,1572426180000,,0.2819802060194824,22307
339,168301372,MON_20191030_090000.p3.flac,Miraflores,2019,10,Agelasticus thilius,Alternative Song,44.93061224489796,46.364444444444445,1205.859375,7235.15625,present,https://s3.amazonaws.com/arbimon2/project_2770/detections/10553/8_61.png,1572426120000,,0.3216141168000549,22307
340,168301401,MON_20191030_130000.p1.flac,Miraflores,2019,10,Agelasticus thilius,Alternative Song,30.10467120181406,31.538503401360543,1205.859375,7235.15625,present,https://s3.amazonaws.com/arbimon2/project_2770/detections/10553/8_90.png,1572440400000,,0.3003588230656611,22307
341,168301405,MON_20191030_130000.p4.flac,Miraflores,2019,10,Agelasticus thilius,Alternative Song,55.83238095238095,57.26621315192744,1205.859375,7235.15625,present,https://s3.amazonaws.com/arbimon2/project_2770/detections/10553/8_94.png,1572440580000,,0.3512730073088448,22307
342,168301406,MON_20191030_130000.p4.flac,Miraflores,2019,10,Agelasticus thilius,Alternative Song,5.462494331065759,6.896326530612245,1205.859375,7235.15625,present,https://s3.amazonaws.com/arbimon2/project_2770/detections/10553/8_95.png,1572440580000,,0.2798287636780086,22307
343,168301434,MON_20191030_200000.p1.flac,Miraflores,2019,10,Agelasticus thilius,Alternative Song,10.61732426303855,12.051156462585034,1205.859375,7235.15625,present,https://s3.amazonaws.com/arbimon2/project_2770/detections/10553/8_123.png,1572465600000,,0.313979923499659,22307
344,168301440,MON_20191030_200700.p2.flac,Miraflores,2019,10,Agelasticus thilius,Alternative Song,10.489614512471656,11.92344671201814,1205.859375,7235.15625,present,https://s3.amazonaws.com/arbimon2/project_2770/detections/10553/8_129.png,1572466080000,,0.2772865374368199,22307
345,168301451,MON_20191030_200700.p26.flac,Miraflores,2019,10,Agelasticus thilius,Alternative Song,42.53315192743764,43.96698412698413,1205.859375,7235.15625,present,https://s3.amazonaws.com/arbimon2/project_2770/detections/10553/8_140.png,1572467520000,,0.2928669409486721,22307
346,168301454,MON_20191030_200700.p41.flac,Miraflores,2019,10,Agelasticus thilius,Alternative Song,56.45931972789116,57.89315192743764,1205.859375,7235.15625,present,https://s3.amazonaws.com/arbimon2/project_2770/detections/10553/8_143.png,1572468420000,,0.2917522317498315,22307
347,168301459,MON_20191111_060000.p2.flac,Miraflores,2019,11,Agelasticus thilius,Alternative Song,37.9936507936508,39.42748299319728,1205.859375,7235.15625,present,https://s3.amazonaws.com/arbimon2/project_2770/detections/10553/17_0.png,1573452060000,,0.3341656831937867,22307
348,168301463,MON_20191111_060700.p2.flac,Miraflores,2019,11,Agelasticus thilius,Alternative Song,29.640272108843536,31.074104308390023,1205.859375,7235.15625,present,https://s3.amazonaws.com/arbimon2/project_2770/detections/10553/17_4.png,1573452480000,,0.2718573152896351,22307
349,168301464,MON_20191111_060700.p3.flac,Miraflores,2019,11,Agelasticus thilius,Alternative Song,15.522539682539682,16.956371882086167,1205.859375,7235.15625,present,https://s3.amazonaws.com/arbimon2/project_2770/detections/10553/17_5.png,1573452540000,,0.256402387805149,22307
350,168301465,MON_20191111_060700.p4.flac,Miraflores,2019,11,Agelasticus thilius,Alternative Song,6.681541950113378,8.115374149659864,1205.859375,7235.15625,present,https://s3.amazonaws.com/arbimon2/project_2770/detections/10553/17_6.png,1573452600000,,0.3244485176291552,22307
351,168301467,MON_20191111_060700.p40.flac,Miraflores,2019,11,Agelasticus thilius,Alternative Song,35.93868480725624,37.37251700680272,1205.859375,7235.15625,present,https://s3.amazonaws.com/arbimon2/project_2770/detections/10553/17_8.png,1573454760000,,0.3107955692830238,22307
352,168301468,MON_20191111_060700.p41.flac,Miraflores,2019,11,Agelasticus thilius,Alternative Song,24.99628117913832,26.43011337868481,1205.859375,7235.15625,present,https://s3.amazonaws.com/arbimon2/project_2770/detections/10553/17_9.png,1573454820000,,0.310337664923539,22307
353,168301470,MON_20191111_060700.p47.flac,Miraflores,2019,11,Agelasticus thilius,Alternative Song,34.115918367346936,35.54975056689342,1205.859375,7235.15625,present,https://s3.amazonaws.com/arbimon2/project_2770/detections/10553/17_11.png,1573455180000,,0.2956461707085853,22307
354,168301474,MON_20191111_060700.p49.flac,Miraflores,2019,11,Agelasticus thilius,Alternative Song,11.673832199546483,13.10766439909297,1205.859375,7235.15625,present,https://s3.amazonaws.com/arbimon2/project_2770/detections/10553/17_15.png,1573455300000,,0.2876269671438027,22307
355,168301475,MON_20191111_060700.p49.flac,Miraflores,2019,11,Agelasticus thilius,Alternative Song,22.064761904761905,23.49859410430839,1205.859375,7235.15625,present,https://s3.amazonaws.com/arbimon2/project_2770/detections/10553/17_16.png,1573455300000,,0.2726208586737473,22307
356,168301481,MON_20191111_070000.p4.flac,Miraflores,2019,11,Agelasticus thilius,Alternative Song,9.55501133786848,10.988843537414963,1205.859375,7235.15625,present,https://s3.amazonaws.com/arbimon2/project_2770/detections/10553/17_22.png,1573455780000,,0.2009490403011113,22307
357,168301482,MON_20191111_070000.p5.flac,Miraflores,2019,11,Agelasticus thilius,Alternative Song,31.004444444444445,32.43827664399093,1205.859375,7235.15625,present,https://s3.amazonaws.com/arbimon2/project_2770/detections/10553/17_23.png,1573455840000,,0.3125196739443706,22307
358,168301485,MON_20191111_090000.p1.flac,Miraflores,2019,11,Agelasticus thilius,Alternative Song,28.409614512471656,29.843446712018142,1205.859375,7235.15625,present,https://s3.amazonaws.com/arbimon2/project_2770/detections/10553/17_26.png,1573462800000,,0.2713201610563411,22307
359,168301495,MON_20191111_120000.p2.flac,Miraflores,2019,11,Agelasticus thilius,Alternative Song,26.853877551020407,28.287709750566894,1205.859375,7235.15625,present,https://s3.amazonaws.com/arbimon2/project_2770/detections/10553/17_36.png,1573473660000,,0.3437859531010467,22307
360,168301512,MON_20191111_140000.p1.flac,Miraflores,2019,11,Agelasticus thilius,Alternative Song,53.510385487528346,54.94421768707483,1205.859375,7235.15625,present,https://s3.amazonaws.com/arbimon2/project_2770/detections/10553/17_53.png,1573480800000,,0.2819057331686909,22307
361,168301513,MON_20191111_140000.p2.flac,Miraflores,2019,11,Agelasticus thilius,Alternative Song,32.78077097505669,34.21460317460318,1205.859375,7235.15625,present,https://s3.amazonaws.com/arbimon2/project_2770/detections/10553/17_54.png,1573480860000,,0.4251361153592806,22307
362,168301514,MON_20191111_140000.p3.flac,Miraflores,2019,11,Agelasticus thilius,Alternative Song,57.12108843537415,58.55492063492064,1205.859375,7235.15625,present,https://s3.amazonaws.com/arbimon2/project_2770/detections/10553/17_55.png,1573480920000,,0.4051855491489889,22307
363,168301518,MON_20191111_150000.p4.flac,Miraflores,2019,11,Agelasticus thilius,Alternative Song,35.247891156462586,36.68172335600907,1205.859375,7235.15625,present,https://s3.amazonaws.com/arbimon2/project_2770/detections/10553/17_59.png,1573484580000,,0.2960060360458907,22307
364,168301520,MON_20191111_150000.p3.flac,Miraflores,2019,11,Agelasticus thilius,Alternative Song,41.83655328798186,43.27038548752834,1205.859375,7235.15625,present,https://s3.amazonaws.com/arbimon2/project_2770/detections/10553/17_61.png,1573484520000,,0.3469196427107068,22307
365,168301522,MON_20191111_150000.p5.flac,Miraflores,2019,11,Agelasticus thilius,Alternative Song,33.72117913832199,35.15501133786848,1205.859375,7235.15625,present,https://s3.amazonaws.com/arbimon2/project_2770/detections/10553/17_63.png,1573484640000,,0.3670769514326847,22307
366,168301525,MON_20191111_160000.p5.flac,Miraflores,2019,11,Agelasticus thilius,Alternative Song,44.43138321995465,45.86521541950113,1205.859375,7235.15625,present,https://s3.amazonaws.com/arbimon2/project_2770/detections/10553/17_66.png,1573488240000,,0.3895330743201726,22307
367,168301526,MON_20191111_160000.p2.flac,Miraflores,2019,11,Agelasticus thilius,Alternative Song,35.98512471655329,37.41895691609977,1205.859375,7235.15625,present,https://s3.amazonaws.com/arbimon2/project_2770/detections/10553/17_67.png,1573488060000,,0.2704638082935381,22307
368,168301527,MON_20191111_160000.p2.flac,Miraflores,2019,11,Agelasticus thilius,Alternative Song,47.38612244897959,48.81995464852608,1205.859375,7235.15625,present,https://s3.amazonaws.com/arbimon2/project_2770/detections/10553/17_68.png,1573488060000,,0.2563127283139791,22307
369,168301528,MON_20191111_160000.p3.flac,Miraflores,2019,11,Agelasticus thilius,Alternative Song,2.6006349206349206,4.0344671201814055,1205.859375,7235.15625,present,https://s3.amazonaws.com/arbimon2/project_2770/detections/10553/17_69.png,1573488120000,,0.2862267688089244,22307
370,168301530,MON_20191111_160000.p4.flac,Miraflores,2019,11,Agelasticus thilius,Alternative Song,47.86213151927438,49.29596371882087,1205.859375,7235.15625,present,https://s3.amazonaws.com/arbimon2/project_2770/detections/10553/17_71.png,1573488180000,,0.3626629806013213,22307
371,168301531,MON_20191111_160000.p4.flac,Miraflores,2019,11,Agelasticus thilius,Alternative Song,16.70675736961451,18.140589569161,1205.859375,7235.15625,present,https://s3.amazonaws.com/arbimon2/project_2770/detections/10553/17_72.png,1573488180000,,0.2648262975082417,22307
372,168301535,MON_20191111_170000.p4.flac,Miraflores,2019,11,Agelasticus thilius,Alternative Song,46.834648526077096,48.26848072562358,1205.859375,7235.15625,present,https://s3.amazonaws.com/arbimon2/project_2770/detections/10553/17_76.png,1573491780000,,0.2545244662329851,22307
373,168301540,MON_20191111_200000.p1.flac,Miraflores,2019,11,Agelasticus thilius,Alternative Song,1.3235374149659864,2.757369614512472,1205.859375,7235.15625,present,https://s3.amazonaws.com/arbimon2/project_2770/detections/10553/17_81.png,1573502400000,,0.4077192853371679,22307
374,168301541,MON_20191111_200000.p2.flac,Miraflores,2019,11,Agelasticus thilius,Alternative Song,41.4766439909297,42.91047619047619,1205.859375,7235.15625,present,https://s3.amazonaws.com/arbimon2/project_2770/detections/10553/17_82.png,1573502460000,,0.3781398142115033,22307
375,168301542,MON_20191111_200000.p2.flac,Miraflores,2019,11,Agelasticus thilius,Alternative Song,15.029115646258504,16.46294784580499,1205.859375,7235.15625,present,https://s3.amazonaws.com/arbimon2/project_2770/detections/10553/17_83.png,1573502460000,,0.3340329719268372,22307
376,168301544,MON_20191111_200000.p3.flac,Miraflores,2019,11,Agelasticus thilius,Alternative Song,7.604535147392291,9.038367346938776,1205.859375,7235.15625,present,https://s3.amazonaws.com/arbimon2/project_2770/detections/10553/17_85.png,1573502520000,,0.3561054753156539,22307
377,168301545,MON_20191111_200000.p3.flac,Miraflores,2019,11,Agelasticus thilius,Alternative Song,51.60054421768707,53.03437641723356,1205.859375,7235.15625,present,https://s3.amazonaws.com/arbimon2/project_2770/detections/10553/17_86.png,1573502520000,,0.3277022250954832,22307
378,168301546,MON_20191111_200000.p3.flac,Miraflores,2019,11,Agelasticus thilius,Alternative Song,31.29469387755102,32.728526077097506,1205.859375,7235.15625,present,https://s3.amazonaws.com/arbimon2/project_2770/detections/10553/17_87.png,1573502520000,,0.2848486722633377,22307
379,168301549,MON_20191111_200700.p1.flac,Miraflores,2019,11,Agelasticus thilius,Alternative Song,38.15038548752835,39.58421768707483,1205.859375,7235.15625,present,https://s3.amazonaws.com/arbimon2/project_2770/detections/10553/17_90.png,1573502820000,,0.3228855739753734,22307
380,168301550,MON_20191111_200700.p1.flac,Miraflores,2019,11,Agelasticus thilius,Alternative Song,30.389115646258503,31.82294784580499,1205.859375,7235.15625,present,https://s3.amazonaws.com/arbimon2/project_2770/detections/10553/17_91.png,1573502820000,,0.2844477501906947,22307
381,168301552,MON_20191111_200700.p3.flac,Miraflores,2019,11,Agelasticus thilius,Alternative Song,8.678458049886622,10.112290249433109,1205.859375,7235.15625,present,https://s3.amazonaws.com/arbimon2/project_2770/detections/10553/17_93.png,1573502940000,,0.366368550411192,22307
382,168301554,MON_20191111_200700.p4.flac,Miraflores,2019,11,Agelasticus thilius,Alternative Song,55.12417233560091,56.55800453514739,1205.859375,7235.15625,present,https://s3.amazonaws.com/arbimon2/project_2770/detections/10553/17_95.png,1573503000000,,0.3835201417042532,22307
383,168301555,MON_20191111_200700.p5.flac,Miraflores,2019,11,Agelasticus thilius,Alternative Song,56.47092970521542,57.90476190476191,1205.859375,7235.15625,present,https://s3.amazonaws.com/arbimon2/project_2770/detections/10553/17_96.png,1573503060000,,0.2011324994370145,22307
384,168301563,MON_20191111_200700.p17.flac,Miraflores,2019,11,Agelasticus thilius,Alternative Song,26.482358276643996,27.91619047619048,1205.859375,7235.15625,present,https://s3.amazonaws.com/arbimon2/project_2770/detections/10553/17_104.png,1573503780000,,0.2719110296668361,22307
385,168301564,MON_20191111_200700.p18.flac,Miraflores,2019,11,Agelasticus thilius,Alternative Song,21.66421768707483,23.098049886621315,1205.859375,7235.15625,present,https://s3.amazonaws.com/arbimon2/project_2770/detections/10553/17_105.png,1573503840000,,0.3061933169375023,22307
386,168301565,MON_20191111_200700.p18.flac,Miraflores,2019,11,Agelasticus thilius,Alternative Song,3.0127891156462585,4.446621315192743,1205.859375,7235.15625,present,https://s3.amazonaws.com/arbimon2/project_2770/detections/10553/17_106.png,1573503840000,,0.2859366978157783,22307
387,168301570,MON_20191111_200700.p22.flac,Miraflores,2019,11,Agelasticus thilius,Alternative Song,4.6788208616780045,6.112653061224489,1205.859375,7235.15625,present,https://s3.amazonaws.com/arbimon2/project_2770/detections/10553/17_111.png,1573504080000,,0.3629057176410121,22307
388,168301572,MON_20191111_200700.p24.flac,Miraflores,2019,11,Agelasticus thilius,Alternative Song,0.5456689342403628,1.979501133786848,1205.859375,7235.15625,present,https://s3.amazonaws.com/arbimon2/project_2770/detections/10553/17_113.png,1573504200000,,0.3389996323277665,22307
389,168301573,MON_20191111_200700.p24.flac,Miraflores,2019,11,Agelasticus thilius,Alternative Song,21.031473922902496,22.46530612244898,1205.859375,7235.15625,present,https://s3.amazonaws.com/arbimon2/project_2770/detections/10553/17_114.png,1573504200000,,0.3280574115140705,22307
390,168301576,MON_20191111_200700.p28.flac,Miraflores,2019,11,Agelasticus thilius,Alternative Song,19.8530612244898,21.286893424036283,1205.859375,7235.15625,present,https://s3.amazonaws.com/arbimon2/project_2770/detections/10553/17_117.png,1573504440000,,0.2599391759488049,22307
391,168301577,MON_20191111_200700.p28.flac,Miraflores,2019,11,Agelasticus thilius,Alternative Song,0.5050340136054422,1.9388662131519276,1205.859375,7235.15625,present,https://s3.amazonaws.com/arbimon2/project_2770/detections/10553/17_118.png,1573504440000,,0.2561754741483629,22307
392,168301578,MON_20191111_200700.p29.flac,Miraflores,2019,11,Agelasticus thilius,Alternative Song,24.41578231292517,25.849614512471657,1205.859375,7235.15625,present,https://s3.amazonaws.com/arbimon2/project_2770/detections/10553/17_119.png,1573504500000,,0.2983480578233268,22307
393,168301579,MON_20191111_200700.p29.flac,Miraflores,2019,11,Agelasticus thilius,Alternative Song,3.076643990929705,4.51047619047619,1205.859375,7235.15625,present,https://s3.amazonaws.com/arbimon2/project_2770/detections/10553/17_120.png,1573504500000,,0.2783932894625199,22307
394,168301580,MON_20191111_200700.p32.flac,Miraflores,2019,11,Agelasticus thilius,Alternative Song,7.813514739229025,9.247346938775513,1205.859375,7235.15625,present,https://s3.amazonaws.com/arbimon2/project_2770/detections/10553/17_121.png,1573504680000,,0.3765517717940436,22307
395,168301581,MON_20191111_200700.p32.flac,Miraflores,2019,11,Agelasticus thilius,Alternative Song,11.058503401360545,12.49233560090703,1205.859375,7235.15625,present,https://s3.amazonaws.com/arbimon2/project_2770/detections/10553/17_122.png,1573504680000,,0.3072687410420974,22307
396,168301590,MON_20191112_060000.p5.flac,Miraflores,2019,11,Agelasticus thilius,Alternative Song,27.416961451247165,28.85079365079365,1205.859375,7235.15625,present,https://s3.amazonaws.com/arbimon2/project_2770/detections/10553/17_131.png,1573538640000,,0.3204540485388295,22307
397,168301592,MON_20191112_060000.p4.flac,Miraflores,2019,11,Agelasticus thilius,Alternative Song,11.23265306122449,12.666485260770974,1205.859375,7235.15625,present,https://s3.amazonaws.com/arbimon2/project_2770/detections/10553/17_133.png,1573538580000,,0.3065408882358472,22307
398,168301593,MON_20191112_060000.p4.flac,Miraflores,2019,11,Agelasticus thilius,Alternative Song,44.56489795918368,45.99873015873016,1205.859375,7235.15625,present,https://s3.amazonaws.com/arbimon2/project_2770/detections/10553/17_134.png,1573538580000,,0.2969024711808213,22307
399,168301595,MON_20191112_060700.p1.flac,Miraflores,2019,11,Agelasticus thilius,Alternative Song,52.92408163265306,54.35791383219954,1205.859375,7235.15625,present,https://s3.amazonaws.com/arbimon2/project_2770/detections/10553/17_136.png,1573538820000,,0.3161592114965541,22307
400,168301596,MON_20191112_060700.p1.flac,Miraflores,2019,11,Agelasticus thilius,Alternative Song,23.49859410430839,24.932426303854875,1205.859375,7235.15625,present,https://s3.amazonaws.com/arbimon2/project_2770/detections/10553/17_137.png,1573538820000,,0.2807668911854964,22307
401,168301597,MON_20191112_060700.p1.flac,Miraflores,2019,11,Agelasticus thilius,Alternative Song,29.442902494331065,30.87673469387755,1205.859375,7235.15625,present,https://s3.amazonaws.com/arbimon2/project_2770/detections/10553/17_138.png,1573538820000,,0.2696782338731228,22307
402,168301598,MON_20191112_060700.p2.flac,Miraflores,2019,11,Agelasticus thilius,Alternative Song,10.62312925170068,12.056961451247163,1205.859375,7235.15625,present,https://s3.amazonaws.com/arbimon2/project_2770/detections/10553/17_139.png,1573538880000,,0.3165154573293793,22307
403,168301599,MON_20191112_060700.p2.flac,Miraflores,2019,11,Agelasticus thilius,Alternative Song,46.38766439909297,47.821496598639456,1205.859375,7235.15625,present,https://s3.amazonaws.com/arbimon2/project_2770/detections/10553/17_140.png,1573538880000,,0.3148313023468624,22307
404,168301600,MON_20191112_060700.p2.flac,Miraflores,2019,11,Agelasticus thilius,Alternative Song,34.89959183673469,36.33342403628118,1205.859375,7235.15625,present,https://s3.amazonaws.com/arbimon2/project_2770/detections/10553/17_141.png,1573538880000,,0.3052781122860448,22307
405,168301601,MON_20191112_060700.p4.flac,Miraflores,2019,11,Agelasticus thilius,Alternative Song,16.579047619047618,18.012879818594104,1205.859375,7235.15625,present,https://s3.amazonaws.com/arbimon2/project_2770/detections/10553/17_142.png,1573539000000,,0.3343175440898803,22307
406,168301602,MON_20191112_060700.p4.flac,Miraflores,2019,11,Agelasticus thilius,Alternative Song,52.55836734693877,53.99219954648526,1205.859375,7235.15625,present,https://s3.amazonaws.com/arbimon2/project_2770/detections/10553/17_143.png,1573539000000,,0.3275009152704961,22307
407,168301603,MON_20191112_060700.p4.flac,Miraflores,2019,11,Agelasticus thilius,Alternative Song,11.644807256235827,13.078639455782312,1205.859375,7235.15625,present,https://s3.amazonaws.com/arbimon2/project_2770/detections/10553/17_144.png,1573539000000,,0.2657710514026291,22307
408,168301604,MON_20191112_060700.p3.flac,Miraflores,2019,11,Agelasticus thilius,Alternative Song,26.36045351473923,27.794285714285717,1205.859375,7235.15625,present,https://s3.amazonaws.com/arbimon2/project_2770/detections/10553/17_145.png,1573538940000,,0.3115347029088284,22307
409,168301605,MON_20191112_060700.p3.flac,Miraflores,2019,11,Agelasticus thilius,Alternative Song,3.4191383219954647,4.85297052154195,1205.859375,7235.15625,present,https://s3.amazonaws.com/arbimon2/project_2770/detections/10553/17_146.png,1573538940000,,0.3099500028339269,22307
410,168301606,MON_20191112_060700.p3.flac,Miraflores,2019,11,Agelasticus thilius,Alternative Song,42.60861678004535,44.04244897959184,1205.859375,7235.15625,present,https://s3.amazonaws.com/arbimon2/project_2770/detections/10553/17_147.png,1573538940000,,0.2808086859095351,22307
411,168301607,MON_20191112_060700.p6.flac,Miraflores,2019,11,Agelasticus thilius,Alternative Song,35.10857142857143,36.54240362811792,1205.859375,7235.15625,present,https://s3.amazonaws.com/arbimon2/project_2770/detections/10553/17_148.png,1573539120000,,0.2803891602121612,22307
412,168301623,MON_20191112_060700.p25.flac,Miraflores,2019,11,Agelasticus thilius,Alternative Song,17.345306122448978,18.779138321995465,1205.859375,7235.15625,present,https://s3.amazonaws.com/arbimon2/project_2770/detections/10553/17_164.png,1573540260000,,0.2716520437381868,22307
413,168301629,MON_20191112_060700.p37.flac,Miraflores,2019,11,Agelasticus thilius,Alternative Song,41.22702947845805,42.66086167800454,1205.859375,7235.15625,present,https://s3.amazonaws.com/arbimon2/project_2770/detections/10553/17_170.png,1573540980000,,0.3768604782420932,22307
414,168301630,MON_20191112_060700.p37.flac,Miraflores,2019,11,Agelasticus thilius,Alternative Song,48.75609977324263,50.18993197278912,1205.859375,7235.15625,present,https://s3.amazonaws.com/arbimon2/project_2770/detections/10553/17_171.png,1573540980000,,0.330545640801259,22307
415,168301632,MON_20191027_060700.p38.flac,Miraflores,2019,10,Agelasticus thilius,Alternative Song,31.306303854875285,32.74013605442177,1205.859375,7235.15625,present,https://s3.amazonaws.com/arbimon2/project_2770/detections/10553/6_0.png,1572158640000,,0.3387194425821007,22307
416,168301676,MON_20191027_110000.p1.flac,Miraflores,2019,10,Agelasticus thilius,Alternative Song,5.381224489795918,6.815056689342404,1205.859375,7235.15625,present,https://s3.amazonaws.com/arbimon2/project_2770/detections/10553/6_44.png,1572174000000,,0.2978245630522869,22307
417,168301682,MON_20191027_110000.p4.flac,Miraflores,2019,10,Agelasticus thilius,Alternative Song,25.54195011337869,26.97578231292517,1205.859375,7235.15625,present,https://s3.amazonaws.com/arbimon2/project_2770/detections/10553/6_50.png,1572174180000,,0.2601720676693064,22307
418,168301695,MON_20191027_120000.p1.flac,Miraflores,2019,10,Agelasticus thilius,Alternative Song,2.3974603174603173,3.831292517006802,1205.859375,7235.15625,present,https://s3.amazonaws.com/arbimon2/project_2770/detections/10553/6_63.png,1572177600000,,0.382090220928744,22307
419,168301700,MON_20191027_120000.p5.flac,Miraflores,2019,10,Agelasticus thilius,Alternative Song,55.13578231292517,56.56961451247165,1205.859375,7235.15625,present,https://s3.amazonaws.com/arbimon2/project_2770/detections/10553/6_68.png,1572177840000,,0.3604488505771607,22307
420,168301702,MON_20191027_130000.p2.flac,Miraflores,2019,10,Agelasticus thilius,Alternative Song,25.18204081632653,26.615873015873017,1205.859375,7235.15625,present,https://s3.amazonaws.com/arbimon2/project_2770/detections/10553/6_70.png,1572181260000,,0.3132079017732666,22307
421,168301705,MON_20191027_140000.p1.flac,Miraflores,2019,10,Agelasticus thilius,Alternative Song,1.677641723356009,3.111473922902494,1205.859375,7235.15625,present,https://s3.amazonaws.com/arbimon2/project_2770/detections/10553/6_73.png,1572184800000,,0.2630090466880478,22307
422,168301719,MON_20191027_150000.p1.flac,Miraflores,2019,10,Agelasticus thilius,Alternative Song,12.428480725623585,13.862312925170068,1205.859375,7235.15625,present,https://s3.amazonaws.com/arbimon2/project_2770/detections/10553/6_87.png,1572188400000,,0.3504234625165154,22307
423,168301721,MON_20191027_150000.p2.flac,Miraflores,2019,10,Agelasticus thilius,Alternative Song,5.77015873015873,7.203990929705215,1205.859375,7235.15625,present,https://s3.amazonaws.com/arbimon2/project_2770/detections/10553/6_89.png,1572188460000,,0.3029758891192154,22307
424,168301722,MON_20191027_150000.p5.flac,Miraflores,2019,10,Agelasticus thilius,Alternative Song,12.68390022675737,14.117732426303856,1205.859375,7235.15625,present,https://s3.amazonaws.com/arbimon2/project_2770/detections/10553/6_90.png,1572188640000,,0.3528659221099872,22307
425,168301731,MON_20191027_200000.p2.flac,Miraflores,2019,10,Agelasticus thilius,Alternative Song,23.07482993197279,24.508662131519277,1205.859375,7235.15625,present,https://s3.amazonaws.com/arbimon2/project_2770/detections/10553/6_99.png,1572206460000,,0.4089080211528699,22307
426,168301733,MON_20191027_200000.p3.flac,Miraflores,2019,10,Agelasticus thilius,Alternative Song,3.0476190476190474,4.481451247165533,1205.859375,7235.15625,present,https://s3.amazonaws.com/arbimon2/project_2770/detections/10553/6_101.png,1572206520000,,0.3769892020810438,22307
427,168301736,MON_20191027_200000.p5.flac,Miraflores,2019,10,Agelasticus thilius,Alternative Song,16.39328798185941,17.827120181405895,1205.859375,7235.15625,present,https://s3.amazonaws.com/arbimon2/project_2770/detections/10553/6_104.png,1572206640000,,0.3937932190428125,22307
428,168301739,MON_20191027_200700.p4.flac,Miraflores,2019,10,Agelasticus thilius,Alternative Song,4.742675736961451,6.176507936507937,1205.859375,7235.15625,present,https://s3.amazonaws.com/arbimon2/project_2770/detections/10553/6_107.png,1572207000000,,0.350539157385218,22307
429,168301740,MON_20191027_200700.p4.flac,Miraflores,2019,10,Agelasticus thilius,Alternative Song,23.34766439909297,24.781496598639457,1205.859375,7235.15625,present,https://s3.amazonaws.com/arbimon2/project_2770/detections/10553/6_108.png,1572207000000,,0.3482232270368553,22307
430,168301741,MON_20191027_200700.p4.flac,Miraflores,2019,10,Agelasticus thilius,Alternative Song,37.61632653061225,39.05015873015873,1205.859375,7235.15625,present,https://s3.amazonaws.com/arbimon2/project_2770/detections/10553/6_109.png,1572207000000,,0.3436546844751795,22307
431,168301742,MON_20191027_200700.p6.flac,Miraflores,2019,10,Agelasticus thilius,Alternative Song,45.29052154195011,46.7243537414966,1205.859375,7235.15625,present,https://s3.amazonaws.com/arbimon2/project_2770/detections/10553/6_110.png,1572207120000,,0.3429802923006508,22307
432,168301744,MON_20191027_200700.p5.flac,Miraflores,2019,10,Agelasticus thilius,Alternative Song,40.518820861678,41.95265306122449,1205.859375,7235.15625,present,https://s3.amazonaws.com/arbimon2/project_2770/detections/10553/6_112.png,1572207060000,,0.3021214009954941,22307
433,168301745,MON_20191027_200700.p5.flac,Miraflores,2019,10,Agelasticus thilius,Alternative Song,21.774512471655328,23.20834467120181,1205.859375,7235.15625,present,https://s3.amazonaws.com/arbimon2/project_2770/detections/10553/6_113.png,1572207060000,,0.2697672177602402,22307
434,168301746,MON_20191027_200700.p7.flac,Miraflores,2019,10,Agelasticus thilius,Alternative Song,14.854965986394555,16.288798185941044,1205.859375,7235.15625,present,https://s3.amazonaws.com/arbimon2/project_2770/detections/10553/6_114.png,1572207180000,,0.3375772452234141,22307
435,168301748,MON_20191027_200700.p8.flac,Miraflores,2019,10,Agelasticus thilius,Alternative Song,2.48453514739229,3.918367346938776,1205.859375,7235.15625,present,https://s3.amazonaws.com/arbimon2/project_2770/detections/10553/6_116.png,1572207240000,,0.3743475014635197,22307
436,168301759,MON_20191028_060700.p25.flac,Miraflores,2019,10,Agelasticus thilius,Alternative Song,52.87183673469388,54.305668934240366,1205.859375,7235.15625,present,https://s3.amazonaws.com/arbimon2/project_2770/detections/10553/6_127.png,1572244260000,,0.2529579864200011,22307
437,168301802,MON_20191028_090000.p5.flac,Miraflores,2019,10,Agelasticus thilius,Alternative Song,50.416326530612245,51.85015873015873,1205.859375,7235.15625,present,https://s3.amazonaws.com/arbimon2/project_2770/detections/10553/6_170.png,1572253440000,,0.3121766210694414,22307
438,168301807,MON_20191024_090000.p1.flac,Miraflores,2019,10,Agelasticus thilius,Alternative Song,18.94748299319728,20.381315192743763,1205.859375,7235.15625,present,https://s3.amazonaws.com/arbimon2/project_2770/detections/10553/4_4.png,1571907600000,,0.3631776631735497,22307
439,168301808,MON_20191024_090000.p2.flac,Miraflores,2019,10,Agelasticus thilius,Alternative Song,10.797278911564623,12.231111111111112,1205.859375,7235.15625,present,https://s3.amazonaws.com/arbimon2/project_2770/detections/10553/4_5.png,1571907660000,,0.4046742644407301,22307
440,168301810,MON_20191024_090000.p3.flac,Miraflores,2019,10,Agelasticus thilius,Alternative Song,40.78004535147392,42.21387755102041,1205.859375,7235.15625,present,https://s3.amazonaws.com/arbimon2/project_2770/detections/10553/4_7.png,1571907720000,,0.3057655815585243,22307
441,168301811,MON_20191024_090000.p3.flac,Miraflores,2019,10,Agelasticus thilius,Alternative Song,2.0549659863945577,3.488798185941043,1205.859375,7235.15625,present,https://s3.amazonaws.com/arbimon2/project_2770/detections/10553/4_8.png,1571907720000,,0.2977892580263148,22307
442,168301812,MON_20191024_090000.p5.flac,Miraflores,2019,10,Agelasticus thilius,Alternative Song,48.83736961451247,50.27120181405896,1205.859375,7235.15625,present,https://s3.amazonaws.com/arbimon2/project_2770/detections/10553/4_9.png,1571907840000,,0.2838609668223619,22307
443,168301851,MON_20191024_160000.p5.flac,Miraflores,2019,10,Agelasticus thilius,Alternative Song,45.522721088435375,46.95655328798186,1205.859375,7235.15625,present,https://s3.amazonaws.com/arbimon2/project_2770/detections/10553/4_48.png,1571933040000,,0.3287856447780706,22307
444,168301856,MON_20191024_190000.p1.flac,Miraflores,2019,10,Agelasticus thilius,Alternative Song,43.31102040816327,44.74485260770975,1205.859375,7235.15625,present,https://s3.amazonaws.com/arbimon2/project_2770/detections/10553/4_53.png,1571943600000,,0.4128484244736914,22307
445,168301858,MON_20191024_200000.p3.flac,Miraflores,2019,10,Agelasticus thilius,Alternative Song,10.303854875283449,11.737687074829932,1205.859375,7235.15625,present,https://s3.amazonaws.com/arbimon2/project_2770/detections/10553/4_55.png,1571947320000,,0.2819569866189094,22307
446,168301863,MON_20191024_200000.p2.flac,Miraflores,2019,10,Agelasticus thilius,Alternative Song,34.90539682539683,36.33922902494331,1205.859375,7235.15625,present,https://s3.amazonaws.com/arbimon2/project_2770/detections/10553/4_60.png,1571947260000,,0.3263351525891202,22307
447,168301864,MON_20191024_200000.p2.flac,Miraflores,2019,10,Agelasticus thilius,Alternative Song,14.10031746031746,15.534149659863946,1205.859375,7235.15625,present,https://s3.amazonaws.com/arbimon2/project_2770/detections/10553/4_61.png,1571947260000,,0.3203212104414251,22307
448,168301868,MON_20191024_200000.p5.flac,Miraflores,2019,10,Agelasticus thilius,Alternative Song,12.933514739229024,14.36734693877551,1205.859375,7235.15625,present,https://s3.amazonaws.com/arbimon2/project_2770/detections/10553/4_65.png,1571947440000,,0.3012633209727722,22307
449,168301871,MON_20191024_200700.p5.flac,Miraflores,2019,10,Agelasticus thilius,Alternative Song,54.78748299319728,56.221315192743766,1205.859375,7235.15625,present,https://s3.amazonaws.com/arbimon2/project_2770/detections/10553/4_68.png,1571947860000,,0.2733646276720045,22307
450,168301873,MON_20191024_200700.p3.flac,Miraflores,2019,10,Agelasticus thilius,Alternative Song,43.4097052154195,44.84353741496599,1205.859375,7235.15625,present,https://s3.amazonaws.com/arbimon2/project_2770/detections/10553/4_70.png,1571947740000,,0.324545764689104,22307
451,168301886,MON_20191025_060700.p50.flac,Miraflores,2019,10,Agelasticus thilius,Alternative Song,43.90893424036281,45.3427664399093,1205.859375,7235.15625,present,https://s3.amazonaws.com/arbimon2/project_2770/detections/10553/4_83.png,1571986560000,,0.309790599554579,22307
452,168301887,MON_20191025_060700.p51.flac,Miraflores,2019,10,Agelasticus thilius,Alternative Song,45.27310657596372,46.7069387755102,1205.859375,7235.15625,present,https://s3.amazonaws.com/arbimon2/project_2770/detections/10553/4_84.png,1571986620000,,0.2944924871348413,22307
453,168301894,MON_20191025_090000.p1.flac,Miraflores,2019,10,Agelasticus thilius,Alternative Song,3.500408163265306,4.934240362811791,1205.859375,7235.15625,present,https://s3.amazonaws.com/arbimon2/project_2770/detections/10553/4_91.png,1571994000000,,0.3250630803146632,22307
454,168301897,MON_20191025_100000.p1.flac,Miraflores,2019,10,Agelasticus thilius,Alternative Song,12.556190476190476,13.99002267573696,1205.859375,7235.15625,present,https://s3.amazonaws.com/arbimon2/project_2770/detections/10553/4_94.png,1571997600000,,0.3883287241864147,22307
455,168301907,MON_20191025_110000.p2.flac,Miraflores,2019,10,Agelasticus thilius,Alternative Song,7.691609977324263,9.125442176870749,1205.859375,7235.15625,present,https://s3.amazonaws.com/arbimon2/project_2770/detections/10553/4_104.png,1572001260000,,0.3070811976128011,22307
456,168301908,MON_20191025_110000.p2.flac,Miraflores,2019,10,Agelasticus thilius,Alternative Song,36.09541950113379,37.52925170068027,1205.859375,7235.15625,present,https://s3.amazonaws.com/arbimon2/project_2770/detections/10553/4_105.png,1572001260000,,0.2715558477218652,22307
457,168301911,MON_20191025_110000.p4.flac,Miraflores,2019,10,Agelasticus thilius,Alternative Song,12.097596371882084,13.531428571428572,1205.859375,7235.15625,present,https://s3.amazonaws.com/arbimon2/project_2770/detections/10553/4_108.png,1572001380000,,0.3260037506599199,22307
458,168301924,MON_20191025_120000.p5.flac,Miraflores,2019,10,Agelasticus thilius,Alternative Song,29.79120181405896,31.22503401360544,1205.859375,7235.15625,present,https://s3.amazonaws.com/arbimon2/project_2770/detections/10553/4_121.png,1572005040000,,0.2582590320446805,22307
459,168301957,MON_20191025_150000.p4.flac,Miraflores,2019,10,Agelasticus thilius,Alternative Song,55.16480725623583,56.59863945578231,1205.859375,7235.15625,present,https://s3.amazonaws.com/arbimon2/project_2770/detections/10553/4_154.png,1572015780000,,0.3244735940017413,22307
460,168301958,MON_20191025_150000.p5.flac,Miraflores,2019,10,Agelasticus thilius,Alternative Song,7.500045351473923,8.933877551020409,1205.859375,7235.15625,present,https://s3.amazonaws.com/arbimon2/project_2770/detections/10553/4_155.png,1572015840000,,0.2884057023876025,22307
461,168301977,MON_20191025_190000.p2.flac,Miraflores,2019,10,Agelasticus thilius,Alternative Song,54.85133786848073,56.28517006802721,1205.859375,7235.15625,present,https://s3.amazonaws.com/arbimon2/project_2770/detections/10553/4_174.png,1572030060000,,0.3011157749391019,22307
462,168301978,MON_20191025_190000.p2.flac,Miraflores,2019,10,Agelasticus thilius,Alternative Song,37.75564625850341,39.18947845804989,1205.859375,7235.15625,present,https://s3.amazonaws.com/arbimon2/project_2770/detections/10553/4_175.png,1572030060000,,0.2575293437703805,22307
463,168301985,MON_20191103_060700.p3.flac,Miraflores,2019,11,Agelasticus thilius,Alternative Song,30.84770975056689,32.28154195011338,1205.859375,7235.15625,present,https://s3.amazonaws.com/arbimon2/project_2770/detections/10553/11_0.png,1572761340000,,0.2870475922569145,22307
464,168301992,MON_20191103_060700.p8.flac,Miraflores,2019,11,Agelasticus thilius,Alternative Song,35.76453514739229,37.19836734693877,1205.859375,7235.15625,present,https://s3.amazonaws.com/arbimon2/project_2770/detections/10553/11_7.png,1572761640000,,0.2862932220757579,22307
465,168301993,MON_20191103_060700.p8.flac,Miraflores,2019,11,Agelasticus thilius,Alternative Song,17.060861678004535,18.494693877551025,1205.859375,7235.15625,present,https://s3.amazonaws.com/arbimon2/project_2770/detections/10553/11_8.png,1572761640000,,0.2805135323990689,22307
466,168301995,MON_20191103_060700.p13.flac,Miraflores,2019,11,Agelasticus thilius,Alternative Song,28.92045351473923,30.35428571428572,1205.859375,7235.15625,present,https://s3.amazonaws.com/arbimon2/project_2770/detections/10553/11_10.png,1572761940000,,0.2724032741944274,22307
467,168301998,MON_20191103_060700.p19.flac,Miraflores,2019,11,Agelasticus thilius,Alternative Song,25.536145124716555,26.96997732426304,1205.859375,7235.15625,present,https://s3.amazonaws.com/arbimon2/project_2770/detections/10553/11_13.png,1572762300000,,0.2642590714720821,22307
468,168302005,MON_20191103_070000.p1.flac,Miraflores,2019,11,Agelasticus thilius,Alternative Song,3.929977324263039,5.363809523809524,1205.859375,7235.15625,present,https://s3.amazonaws.com/arbimon2/project_2770/detections/10553/11_20.png,1572764400000,,0.2760093537483722,22307
469,168302023,MON_20191103_090000.p4.flac,Miraflores,2019,11,Agelasticus thilius,Alternative Song,30.522630385487528,31.95646258503401,1205.859375,7235.15625,present,https://s3.amazonaws.com/arbimon2/project_2770/detections/10553/11_38.png,1572771780000,,0.3748056035160302,22307
470,168302026,MON_20191103_090000.p5.flac,Miraflores,2019,11,Agelasticus thilius,Alternative Song,23.52181405895692,24.9556462585034,1205.859375,7235.15625,present,https://s3.amazonaws.com/arbimon2/project_2770/detections/10553/11_41.png,1572771840000,,0.3305790598885004,22307
471,168302028,MON_20191103_110000.p3.flac,Miraflores,2019,11,Agelasticus thilius,Alternative Song,8.324353741496598,9.758185941043084,1205.859375,7235.15625,present,https://s3.amazonaws.com/arbimon2/project_2770/detections/10553/11_43.png,1572778920000,,0.3506282728672233,22307
472,168302029,MON_20191103_110000.p4.flac,Miraflores,2019,11,Agelasticus thilius,Alternative Song,44.82612244897959,46.25995464852608,1205.859375,7235.15625,present,https://s3.amazonaws.com/arbimon2/project_2770/detections/10553/11_44.png,1572778980000,,0.3147816444015214,22307
473,168302037,MON_20191103_140000.p5.flac,Miraflores,2019,11,Agelasticus thilius,Alternative Song,18.84299319727891,20.2768253968254,1205.859375,7235.15625,present,https://s3.amazonaws.com/arbimon2/project_2770/detections/10553/11_52.png,1572789840000,,0.2941844773992488,22307
474,168302044,MON_20191103_150000.p4.flac,Miraflores,2019,11,Agelasticus thilius,Alternative Song,19.435102040816325,20.86893424036281,1205.859375,7235.15625,present,https://s3.amazonaws.com/arbimon2/project_2770/detections/10553/11_59.png,1572793380000,,0.2665420558794633,22307
475,168302045,MON_20191103_150000.p3.flac,Miraflores,2019,11,Agelasticus thilius,Alternative Song,57.55646258503401,58.9902947845805,1205.859375,7235.15625,present,https://s3.amazonaws.com/arbimon2/project_2770/detections/10553/11_60.png,1572793320000,,0.3199642058960808,22307
476,168302047,MON_20191103_170000.p4.flac,Miraflores,2019,11,Agelasticus thilius,Alternative Song,57.0572335600907,58.49106575963719,1205.859375,7235.15625,present,https://s3.amazonaws.com/arbimon2/project_2770/detections/10553/11_62.png,1572800580000,,0.30319513618296,22307
477,168302051,MON_20191103_180000.p3.flac,Miraflores,2019,11,Agelasticus thilius,Alternative Song,54.41015873015873,55.843990929705214,1205.859375,7235.15625,present,https://s3.amazonaws.com/arbimon2/project_2770/detections/10553/11_66.png,1572804120000,,0.3542013638487575,22307
478,168302052,MON_20191103_180000.p3.flac,Miraflores,2019,11,Agelasticus thilius,Alternative Song,46.97977324263039,48.41360544217687,1205.859375,7235.15625,present,https://s3.amazonaws.com/arbimon2/project_2770/detections/10553/11_67.png,1572804120000,,0.3097723460968457,22307
479,168302053,MON_20191103_180000.p3.flac,Miraflores,2019,11,Agelasticus thilius,Alternative Song,29.082993197278917,30.5168253968254,1205.859375,7235.15625,present,https://s3.amazonaws.com/arbimon2/project_2770/detections/10553/11_68.png,1572804120000,,0.3018367063446782,22307
480,168302054,MON_20191103_180000.p4.flac,Miraflores,2019,11,Agelasticus thilius,Alternative Song,50.2421768707483,51.67600907029478,1205.859375,7235.15625,present,https://s3.amazonaws.com/arbimon2/project_2770/detections/10553/11_69.png,1572804180000,,0.3482226323704348,22307
481,168302055,MON_20191103_180000.p4.flac,Miraflores,2019,11,Agelasticus thilius,Alternative Song,32.05514739229025,33.48897959183673,1205.859375,7235.15625,present,https://s3.amazonaws.com/arbimon2/project_2770/detections/10553/11_70.png,1572804180000,,0.3204558579470764,22307
482,168302057,MON_20191104_060700.p2.flac,Miraflores,2019,11,Agelasticus thilius,Alternative Song,8.341768707482993,9.775600907029478,1205.859375,7235.15625,present,https://s3.amazonaws.com/arbimon2/project_2770/detections/10553/11_72.png,1572847680000,,0.3121245611243261,22307
483,168302058,MON_20191104_060700.p2.flac,Miraflores,2019,11,Agelasticus thilius,Alternative Song,46.95074829931973,48.38458049886621,1205.859375,7235.15625,present,https://s3.amazonaws.com/arbimon2/project_2770/detections/10553/11_73.png,1572847680000,,0.2989866067507241,22307
484,168302059,MON_20191104_060700.p3.flac,Miraflores,2019,11,Agelasticus thilius,Alternative Song,30.59809523809524,32.03192743764173,1205.859375,7235.15625,present,https://s3.amazonaws.com/arbimon2/project_2770/detections/10553/11_74.png,1572847740000,,0.2713446152884929,22307
485,168302060,MON_20191104_060700.p4.flac,Miraflores,2019,11,Agelasticus thilius,Alternative Song,6.530612244897959,7.964444444444444,1205.859375,7235.15625,present,https://s3.amazonaws.com/arbimon2/project_2770/detections/10553/11_75.png,1572847800000,,0.3168837556262706,22307
486,168302066,MON_20191104_060700.p11.flac,Miraflores,2019,11,Agelasticus thilius,Alternative Song,49.371428571428574,50.80526077097505,1205.859375,7235.15625,present,https://s3.amazonaws.com/arbimon2/project_2770/detections/10553/11_81.png,1572848220000,,0.3214183412146154,22307
487,168302067,MON_20191104_060700.p11.flac,Miraflores,2019,11,Agelasticus thilius,Alternative Song,18.36698412698413,19.80081632653061,1205.859375,7235.15625,present,https://s3.amazonaws.com/arbimon2/project_2770/detections/10553/11_82.png,1572848220000,,0.2869824042439831,22307
488,168302069,MON_20191104_060700.p12.flac,Miraflores,2019,11,Agelasticus thilius,Alternative Song,43.37487528344671,44.8087074829932,1205.859375,7235.15625,present,https://s3.amazonaws.com/arbimon2/project_2770/detections/10553/11_84.png,1572848280000,,0.3448725130949643,22307
489,168302085,MON_20191128_200700.p6.flac,Miraflores,2019,11,Agelasticus thilius,Alternative Song,57.76544217687075,59.19927437641724,1205.859375,7235.15625,present,https://s3.amazonaws.com/arbimon2/project_2770/detections/10553/30_15.png,1574971920000,,0.3755394195784812,22307
490,168302087,MON_20191128_200700.p13.flac,Miraflores,2019,11,Agelasticus thilius,Alternative Song,36.78621315192744,38.22004535147392,1205.859375,7235.15625,present,https://s3.amazonaws.com/arbimon2/project_2770/detections/10553/30_17.png,1574972340000,,0.3112136766346126,22307
491,168302088,MON_20191128_200700.p13.flac,Miraflores,2019,11,Agelasticus thilius,Alternative Song,22.58721088435374,24.021043083900228,1205.859375,7235.15625,present,https://s3.amazonaws.com/arbimon2/project_2770/detections/10553/30_18.png,1574972340000,,0.2888960945484644,22307
492,168302090,MON_20191128_200700.p12.flac,Miraflores,2019,11,Agelasticus thilius,Alternative Song,25.965714285714284,27.39954648526077,1205.859375,7235.15625,present,https://s3.amazonaws.com/arbimon2/project_2770/detections/10553/30_20.png,1574972280000,,0.2734433130860698,22307
493,168302091,MON_20191128_200700.p12.flac,Miraflores,2019,11,Agelasticus thilius,Alternative Song,35.445260770975054,36.87909297052154,1205.859375,7235.15625,present,https://s3.amazonaws.com/arbimon2/project_2770/detections/10553/30_21.png,1574972280000,,0.2537888523854469,22307
494,168302093,MON_20191128_200700.p14.flac,Miraflores,2019,11,Agelasticus thilius,Alternative Song,7.540680272108844,8.974512471655329,1205.859375,7235.15625,present,https://s3.amazonaws.com/arbimon2/project_2770/detections/10553/30_23.png,1574972400000,,0.2702299765911181,22307
495,168302094,MON_20191129_060700.p1.flac,Miraflores,2019,11,Agelasticus thilius,Alternative Song,43.52580498866213,44.95963718820862,1205.859375,7235.15625,present,https://s3.amazonaws.com/arbimon2/project_2770/detections/10553/30_24.png,1575007620000,,0.3200941788975934,22307
496,168302095,MON_20191129_060700.p2.flac,Miraflores,2019,11,Agelasticus thilius,Alternative Song,16.51519274376417,17.949024943310658,1205.859375,7235.15625,present,https://s3.amazonaws.com/arbimon2/project_2770/detections/10553/30_25.png,1575007680000,,0.2625220520201397,22307
497,168302100,MON_20191129_060700.p8.flac,Miraflores,2019,11,Agelasticus thilius,Alternative Song,51.937233560090704,53.37106575963719,1205.859375,7235.15625,present,https://s3.amazonaws.com/arbimon2/project_2770/detections/10553/30_30.png,1575008040000,,0.200981670291562,22307
498,168302129,MON_20191129_060700.p29.flac,Miraflores,2019,11,Agelasticus thilius,Alternative Song,27.422766439909296,28.856598639455783,1205.859375,7235.15625,present,https://s3.amazonaws.com/arbimon2/project_2770/detections/10553/30_59.png,1575009300000,,0.3410226687936939,22307
499,168302133,MON_20191129_060700.p31.flac,Miraflores,2019,11,Agelasticus thilius,Alternative Song,14.576326530612246,16.01015873015873,1205.859375,7235.15625,present,https://s3.amazonaws.com/arbimon2/project_2770/detections/10553/30_63.png,1575009420000,,0.3182428169825426,22307
500,168302134,MON_20191129_060700.p30.flac,Miraflores,2019,11,Agelasticus thilius,Alternative Song,47.54285714285714,48.97668934240363,1205.859375,7235.15625,present,https://s3.amazonaws.com/arbimon2/project_2770/detections/10553/30_64.png,1575009360000,,0.3558812119637414,22307
501,168302137,MON_20191129_060700.p32.flac,Miraflores,2019,11,Agelasticus thilius,Alternative Song,7.987664399092971,9.421496598639456,1205.859375,7235.15625,present,https://s3.amazonaws.com/arbimon2/project_2770/detections/10553/30_67.png,1575009480000,,0.2929178677746564,22307
502,168302138,MON_20191129_060700.p33.flac,Miraflores,2019,11,Agelasticus thilius,Alternative Song,40.30984126984127,41.74367346938776,1205.859375,7235.15625,present,https://s3.amazonaws.com/arbimon2/project_2770/detections/10553/30_68.png,1575009540000,,0.3133028599897443,22307
503,168302139,MON_20191129_060700.p33.flac,Miraflores,2019,11,Agelasticus thilius,Alternative Song,12.22530612244898,13.659138321995464,1205.859375,7235.15625,present,https://s3.amazonaws.com/arbimon2/project_2770/detections/10553/30_69.png,1575009540000,,0.2761614214122639,22307
504,168302143,MON_20191129_060700.p34.flac,Miraflores,2019,11,Agelasticus thilius,Alternative Song,43.69995464852608,45.13378684807256,1205.859375,7235.15625,present,https://s3.amazonaws.com/arbimon2/project_2770/detections/10553/30_73.png,1575009600000,,0.3621492319400815,22307
505,168302144,MON_20191129_060700.p34.flac,Miraflores,2019,11,Agelasticus thilius,Alternative Song,26.70875283446712,28.142585034013607,1205.859375,7235.15625,present,https://s3.amazonaws.com/arbimon2/project_2770/detections/10553/30_74.png,1575009600000,,0.3472134521260208,22307
506,168302145,MON_20191129_060700.p34.flac,Miraflores,2019,11,Agelasticus thilius,Alternative Song,6.0081632653061225,7.441995464852607,1205.859375,7235.15625,present,https://s3.amazonaws.com/arbimon2/project_2770/detections/10553/30_75.png,1575009600000,,0.287287787141748,22307
507,168302160,MON_20191129_100000.p3.flac,Miraflores,2019,11,Agelasticus thilius,Alternative Song,37.076462585034015,38.5102947845805,1205.859375,7235.15625,present,https://s3.amazonaws.com/arbimon2/project_2770/detections/10553/30_90.png,1575021720000,,0.3555523195275816,22307
508,168302164,MON_20191129_110000.p1.flac,Miraflores,2019,11,Agelasticus thilius,Alternative Song,10.419954648526078,11.853786848072565,1205.859375,7235.15625,present,https://s3.amazonaws.com/arbimon2/project_2770/detections/10553/30_94.png,1575025200000,,0.3103420446015663,22307
509,168302165,MON_20191129_110000.p2.flac,Miraflores,2019,11,Agelasticus thilius,Alternative Song,42.43446712018141,43.86829931972789,1205.859375,7235.15625,present,https://s3.amazonaws.com/arbimon2/project_2770/detections/10553/30_95.png,1575025260000,,0.3065085758265104,22307
510,168302166,MON_20191129_110000.p3.flac,Miraflores,2019,11,Agelasticus thilius,Alternative Song,1.0158730158730158,2.449705215419501,1205.859375,7235.15625,present,https://s3.amazonaws.com/arbimon2/project_2770/detections/10553/30_96.png,1575025320000,,0.3573343848728323,22307
511,168302167,MON_20191129_110000.p3.flac,Miraflores,2019,11,Agelasticus thilius,Alternative Song,40.147301587301584,41.58113378684807,1205.859375,7235.15625,present,https://s3.amazonaws.com/arbimon2/project_2770/detections/10553/30_97.png,1575025320000,,0.3313964723561292,22307
512,168302168,MON_20191129_110000.p4.flac,Miraflores,2019,11,Agelasticus thilius,Alternative Song,27.67238095238095,29.10621315192744,1205.859375,7235.15625,present,https://s3.amazonaws.com/arbimon2/project_2770/detections/10553/30_98.png,1575025380000,,0.4075233604731348,22307
513,168302177,MON_20191129_180000.p4.flac,Miraflores,2019,11,Agelasticus thilius,Alternative Song,55.71628117913832,57.15011337868481,1205.859375,7235.15625,present,https://s3.amazonaws.com/arbimon2/project_2770/detections/10553/30_107.png,1575050580000,,0.2867619656959777,22307
514,168302183,MON_20191129_200700.p7.flac,Miraflores,2019,11,Agelasticus thilius,Alternative Song,20.20716553287982,21.640997732426303,1205.859375,7235.15625,present,https://s3.amazonaws.com/arbimon2/project_2770/detections/10553/30_113.png,1575058380000,,0.3513675990252248,22307
515,168302187,MON_20191129_200700.p11.flac,Miraflores,2019,11,Agelasticus thilius,Alternative Song,45.48789115646259,46.92172335600907,1205.859375,7235.15625,present,https://s3.amazonaws.com/arbimon2/project_2770/detections/10553/30_117.png,1575058620000,,0.3864947894280353,22307
516,168302188,MON_20191129_200700.p11.flac,Miraflores,2019,11,Agelasticus thilius,Alternative Song,4.887800453514739,6.321632653061225,1205.859375,7235.15625,present,https://s3.amazonaws.com/arbimon2/project_2770/detections/10553/30_118.png,1575058620000,,0.3861185935447819,22307
517,168302207,MON_20191116_080000.p4.flac,Miraflores,2019,11,Agelasticus thilius,Alternative Song,46.16126984126984,47.59510204081633,1205.859375,7235.15625,present,https://s3.amazonaws.com/arbimon2/project_2770/detections/10553/21_15.png,1573891380000,,0.337774204273137,22307
518,168302208,MON_20191116_080000.p3.flac,Miraflores,2019,11,Agelasticus thilius,Alternative Song,56.23873015873016,57.67256235827664,1205.859375,7235.15625,present,https://s3.amazonaws.com/arbimon2/project_2770/detections/10553/21_16.png,1573891320000,,0.3003362702483815,22307
519,168302212,MON_20191116_090000.p4.flac,Miraflores,2019,11,Agelasticus thilius,Alternative Song,27.724625850340136,29.158458049886622,1205.859375,7235.15625,present,https://s3.amazonaws.com/arbimon2/project_2770/detections/10553/21_20.png,1573894980000,,0.3020470925330675,22307
520,168302215,MON_20191116_100000.p5.flac,Miraflores,2019,11,Agelasticus thilius,Alternative Song,27.028027210884357,28.46185941043084,1205.859375,7235.15625,present,https://s3.amazonaws.com/arbimon2/project_2770/detections/10553/21_23.png,1573898640000,,0.261798494628953,22307
521,168302219,MON_20191116_120000.p5.flac,Miraflores,2019,11,Agelasticus thilius,Alternative Song,25.733514739229022,27.16734693877551,1205.859375,7235.15625,present,https://s3.amazonaws.com/arbimon2/project_2770/detections/10553/21_27.png,1573905840000,,0.3183985173107677,22307
522,168302225,MON_20191116_150000.p1.flac,Miraflores,2019,11,Agelasticus thilius,Alternative Song,40.93678004535148,42.37061224489796,1205.859375,7235.15625,present,https://s3.amazonaws.com/arbimon2/project_2770/detections/10553/21_33.png,1573916400000,,0.3122525250796715,22307
523,168302245,MON_20191116_200700.p4.flac,Miraflores,2019,11,Agelasticus thilius,Alternative Song,4.765895691609978,6.199727891156463,1205.859375,7235.15625,present,https://s3.amazonaws.com/arbimon2/project_2770/detections/10553/21_53.png,1573935000000,,0.374473580737474,22307
524,168302247,MON_20191116_200700.p15.flac,Miraflores,2019,11,Agelasticus thilius,Alternative Song,28.746303854875283,30.18013605442177,1205.859375,7235.15625,present,https://s3.amazonaws.com/arbimon2/project_2770/detections/10553/21_55.png,1573935660000,,0.3055470835772259,22307
525,168302249,MON_20191116_200700.p30.flac,Miraflores,2019,11,Agelasticus thilius,Alternative Song,37.97043083900227,39.40426303854876,1205.859375,7235.15625,present,https://s3.amazonaws.com/arbimon2/project_2770/detections/10553/21_57.png,1573936560000,,0.2671124857620767,22307
526,168302257,MON_20191117_060700.p16.flac,Miraflores,2019,11,Agelasticus thilius,Alternative Song,9.287981859410433,10.721814058956916,1205.859375,7235.15625,present,https://s3.amazonaws.com/arbimon2/project_2770/detections/10553/21_65.png,1573971720000,,0.2578656961029607,22307
527,168302263,MON_20191117_060700.p37.flac,Miraflores,2019,11,Agelasticus thilius,Alternative Song,7.668390022675737,9.102222222222222,1205.859375,7235.15625,present,https://s3.amazonaws.com/arbimon2/project_2770/detections/10553/21_71.png,1573972980000,,0.2010736196024672,22307
528,168302264,MON_20191117_060700.p35.flac,Miraflores,2019,11,Agelasticus thilius,Alternative Song,16.69514739229025,18.128979591836732,1205.859375,7235.15625,present,https://s3.amazonaws.com/arbimon2/project_2770/detections/10553/21_72.png,1573972860000,,0.3351051229675432,22307
529,168302265,MON_20191117_060700.p39.flac,Miraflores,2019,11,Agelasticus thilius,Alternative Song,53.64390022675737,55.077732426303854,1205.859375,7235.15625,present,https://s3.amazonaws.com/arbimon2/project_2770/detections/10553/21_73.png,1573973100000,,0.2565701074522092,22307
530,168302284,MON_20191117_110000.p2.flac,Miraflores,2019,11,Agelasticus thilius,Alternative Song,54.04444444444445,55.47827664399093,1205.859375,7235.15625,present,https://s3.amazonaws.com/arbimon2/project_2770/detections/10553/21_92.png,1573988460000,,0.3162807492306193,22307
531,168302286,MON_20191117_110000.p1.flac,Miraflores,2019,11,Agelasticus thilius,Alternative Song,46.07419501133787,47.50802721088435,1205.859375,7235.15625,present,https://s3.amazonaws.com/arbimon2/project_2770/detections/10553/21_94.png,1573988400000,,0.2914227325353756,22307
532,168302290,MON_20191117_130000.p4.flac,Miraflores,2019,11,Agelasticus thilius,Alternative Song,48.09433106575964,49.52816326530612,1205.859375,7235.15625,present,https://s3.amazonaws.com/arbimon2/project_2770/detections/10553/21_98.png,1573995780000,,0.2596531803234065,22307
533,168302295,MON_20191117_150000.p4.flac,Miraflores,2019,11,Agelasticus thilius,Alternative Song,33.29741496598639,34.73124716553288,1205.859375,7235.15625,present,https://s3.amazonaws.com/arbimon2/project_2770/detections/10553/21_103.png,1574002980000,,0.3100267659117035,22307
534,168302296,MON_20191117_150000.p4.flac,Miraflores,2019,11,Agelasticus thilius,Alternative Song,44.45460317460317,45.88843537414966,1205.859375,7235.15625,present,https://s3.amazonaws.com/arbimon2/project_2770/detections/10553/21_104.png,1574002980000,,0.2533407754577219,22307
535,168302299,MON_20191117_180000.p3.flac,Miraflores,2019,11,Agelasticus thilius,Alternative Song,34.59192743764172,36.02575963718821,1205.859375,7235.15625,present,https://s3.amazonaws.com/arbimon2/project_2770/detections/10553/21_107.png,1574013720000,,0.3102287211206294,22307
536,168302300,MON_20191117_180000.p3.flac,Miraflores,2019,11,Agelasticus thilius,Alternative Song,15.940498866213153,17.374331065759637,1205.859375,7235.15625,present,https://s3.amazonaws.com/arbimon2/project_2770/detections/10553/21_108.png,1574013720000,,0.2687310499744308,22307
537,168302301,MON_20191117_180000.p3.flac,Miraflores,2019,11,Agelasticus thilius,Alternative Song,45.94068027210884,47.37451247165533,1205.859375,7235.15625,present,https://s3.amazonaws.com/arbimon2/project_2770/detections/10553/21_109.png,1574013720000,,0.2628872501227299,22307
538,168302305,MON_20191117_200000.p2.flac,Miraflores,2019,11,Agelasticus thilius,Alternative Song,24.19519274376417,25.629024943310657,1205.859375,7235.15625,present,https://s3.amazonaws.com/arbimon2/project_2770/detections/10553/21_113.png,1574020860000,,0.2854614788524222,22307
539,168302306,MON_20191107_060700.p4.flac,Miraflores,2019,11,Agelasticus thilius,Alternative Song,33.3902947845805,34.824126984126984,1205.859375,7235.15625,present,https://s3.amazonaws.com/arbimon2/project_2770/detections/10553/14_0.png,1573107000000,,0.2956350393002085,22307
540,168302319,MON_20191107_070000.p2.flac,Miraflores,2019,11,Agelasticus thilius,Alternative Song,38.59156462585034,40.025396825396825,1205.859375,7235.15625,present,https://s3.amazonaws.com/arbimon2/project_2770/detections/10553/14_13.png,1573110060000,,0.3637959562983941,22307
541,168302321,MON_20191107_070000.p3.flac,Miraflores,2019,11,Agelasticus thilius,Alternative Song,37.83691609977324,39.27074829931973,1205.859375,7235.15625,present,https://s3.amazonaws.com/arbimon2/project_2770/detections/10553/14_15.png,1573110120000,,0.3424226464646053,22307
542,168302337,MON_20191107_140000.p3.flac,Miraflores,2019,11,Agelasticus thilius,Alternative Song,2.1420408163265305,3.575873015873016,1205.859375,7235.15625,present,https://s3.amazonaws.com/arbimon2/project_2770/detections/10553/14_31.png,1573135320000,,0.2690573084696069,22307
543,168302344,MON_20191107_170000.p3.flac,Miraflores,2019,11,Agelasticus thilius,Alternative Song,16.033378684807257,17.46721088435374,1205.859375,7235.15625,present,https://s3.amazonaws.com/arbimon2/project_2770/detections/10553/14_38.png,1573146120000,,0.3238960974154318,22307
544,168302345,MON_20191107_170000.p3.flac,Miraflores,2019,11,Agelasticus thilius,Alternative Song,43.59546485260771,45.02929705215419,1205.859375,7235.15625,present,https://s3.amazonaws.com/arbimon2/project_2770/detections/10553/14_39.png,1573146120000,,0.3227244138381591,22307
545,168302347,MON_20191107_170000.p2.flac,Miraflores,2019,11,Agelasticus thilius,Alternative Song,30.360090702947847,31.79392290249433,1205.859375,7235.15625,present,https://s3.amazonaws.com/arbimon2/project_2770/detections/10553/14_41.png,1573146060000,,0.2998219003663768,22307
546,168302348,MON_20191107_170000.p4.flac,Miraflores,2019,11,Agelasticus thilius,Alternative Song,2.7747845804988662,4.208616780045351,1205.859375,7235.15625,present,https://s3.amazonaws.com/arbimon2/project_2770/detections/10553/14_42.png,1573146180000,,0.343251534572763,22307
547,168302349,MON_20191107_170000.p4.flac,Miraflores,2019,11,Agelasticus thilius,Alternative Song,45.72589569160998,47.159727891156464,1205.859375,7235.15625,present,https://s3.amazonaws.com/arbimon2/project_2770/detections/10553/14_43.png,1573146180000,,0.306695322765315,22307
548,168302354,MON_20191107_200000.p3.flac,Miraflores,2019,11,Agelasticus thilius,Alternative Song,47.52544217687075,48.959274376417234,1205.859375,7235.15625,present,https://s3.amazonaws.com/arbimon2/project_2770/detections/10553/14_48.png,1573156920000,,0.2687750065339747,22307
549,168302377,MON_20191101_200000.p5.flac,Miraflores,2019,11,Agelasticus thilius,Alternative Song,42.09197278911565,43.52580498866213,1205.859375,7235.15625,present,https://s3.amazonaws.com/arbimon2/project_2770/detections/10553/10_16.png,1572638640000,,0.3980328762333392,22307
550,168302379,MON_20191101_200700.p2.flac,Miraflores,2019,11,Agelasticus thilius,Alternative Song,37.56408163265306,38.99791383219954,1205.859375,7235.15625,present,https://s3.amazonaws.com/arbimon2/project_2770/detections/10553/10_18.png,1572638880000,,0.2617944960616623,22307
551,168302389,MON_20191102_060000.p3.flac,Miraflores,2019,11,Agelasticus thilius,Alternative Song,50.683356009070295,52.11718820861678,1205.859375,7235.15625,present,https://s3.amazonaws.com/arbimon2/project_2770/detections/10553/10_28.png,1572674520000,,0.4879607312882325,22307
552,168302390,MON_20191102_060000.p5.flac,Miraflores,2019,11,Agelasticus thilius,Alternative Song,23.34185941043084,24.77569160997733,1205.859375,7235.15625,present,https://s3.amazonaws.com/arbimon2/project_2770/detections/10553/10_29.png,1572674640000,,0.3647608131779119,22307
553,168302391,MON_20191102_060700.p1.flac,Miraflores,2019,11,Agelasticus thilius,Alternative Song,29.442902494331065,30.87673469387755,1205.859375,7235.15625,present,https://s3.amazonaws.com/arbimon2/project_2770/detections/10553/10_30.png,1572674820000,,0.3877633508272297,22307
554,168302392,MON_20191102_060700.p1.flac,Miraflores,2019,11,Agelasticus thilius,Alternative Song,58.11374149659864,59.54757369614512,1205.859375,7235.15625,present,https://s3.amazonaws.com/arbimon2/project_2770/detections/10553/10_31.png,1572674820000,,0.3110972015762818,22307
555,168302394,MON_20191102_060700.p2.flac,Miraflores,2019,11,Agelasticus thilius,Alternative Song,22.40145124716553,23.83528344671202,1205.859375,7235.15625,present,https://s3.amazonaws.com/arbimon2/project_2770/detections/10553/10_33.png,1572674880000,,0.3801675956692553,22307
556,168302395,MON_20191102_060700.p2.flac,Miraflores,2019,11,Agelasticus thilius,Alternative Song,33.982403628117915,35.4162358276644,1205.859375,7235.15625,present,https://s3.amazonaws.com/arbimon2/project_2770/detections/10553/10_34.png,1572674880000,,0.2796632389581049,22307
557,168302397,MON_20191102_060700.p3.flac,Miraflores,2019,11,Agelasticus thilius,Alternative Song,57.23138321995465,58.66521541950113,1205.859375,7235.15625,present,https://s3.amazonaws.com/arbimon2/project_2770/detections/10553/10_36.png,1572674940000,,0.3863433165049869,22307
558,168302398,MON_20191102_060700.p3.flac,Miraflores,2019,11,Agelasticus thilius,Alternative Song,16.4281179138322,17.861950113378686,1205.859375,7235.15625,present,https://s3.amazonaws.com/arbimon2/project_2770/detections/10553/10_37.png,1572674940000,,0.3370473653696023,22307
559,168302400,MON_20191102_060700.p5.flac,Miraflores,2019,11,Agelasticus thilius,Alternative Song,11.017868480725625,12.45170068027211,1205.859375,7235.15625,present,https://s3.amazonaws.com/arbimon2/project_2770/detections/10553/10_39.png,1572675060000,,0.4467120825425905,22307
560,168302403,MON_20191102_060700.p4.flac,Miraflores,2019,11,Agelasticus thilius,Alternative Song,27.50403628117914,28.937868480725623,1205.859375,7235.15625,present,https://s3.amazonaws.com/arbimon2/project_2770/detections/10553/10_42.png,1572675000000,,0.4863995776155652,22307
561,168302404,MON_20191102_060700.p4.flac,Miraflores,2019,11,Agelasticus thilius,Alternative Song,53.968979591836735,55.40281179138322,1205.859375,7235.15625,present,https://s3.amazonaws.com/arbimon2/project_2770/detections/10553/10_43.png,1572675000000,,0.2901321434386548,22307
562,168302406,MON_20191102_060700.p6.flac,Miraflores,2019,11,Agelasticus thilius,Alternative Song,15.301950113378684,16.73578231292517,1205.859375,7235.15625,present,https://s3.amazonaws.com/arbimon2/project_2770/detections/10553/10_45.png,1572675120000,,0.3905838338634094,22307
563,168302407,MON_20191102_060700.p6.flac,Miraflores,2019,11,Agelasticus thilius,Alternative Song,49.80680272108844,51.24063492063492,1205.859375,7235.15625,present,https://s3.amazonaws.com/arbimon2/project_2770/detections/10553/10_46.png,1572675120000,,0.3252263088258789,22307
564,168302409,MON_20191102_060700.p7.flac,Miraflores,2019,11,Agelasticus thilius,Alternative Song,31.805532879818596,33.23936507936508,1205.859375,7235.15625,present,https://s3.amazonaws.com/arbimon2/project_2770/detections/10553/10_48.png,1572675180000,,0.3730492711950285,22307
565,168302410,MON_20191102_060700.p7.flac,Miraflores,2019,11,Agelasticus thilius,Alternative Song,56.85986394557823,58.29369614512472,1205.859375,7235.15625,present,https://s3.amazonaws.com/arbimon2/project_2770/detections/10553/10_49.png,1572675180000,,0.2935593010824531,22307
566,168302412,MON_20191102_060700.p8.flac,Miraflores,2019,11,Agelasticus thilius,Alternative Song,3.546848072562358,4.980680272108844,1205.859375,7235.15625,present,https://s3.amazonaws.com/arbimon2/project_2770/detections/10553/10_51.png,1572675240000,,0.3450513398366772,22307
567,168302413,MON_20191102_060700.p8.flac,Miraflores,2019,11,Agelasticus thilius,Alternative Song,34.89959183673469,36.33342403628118,1205.859375,7235.15625,present,https://s3.amazonaws.com/arbimon2/project_2770/detections/10553/10_52.png,1572675240000,,0.3445717011609727,22307
568,168302415,MON_20191102_060700.p9.flac,Miraflores,2019,11,Agelasticus thilius,Alternative Song,14.4021768707483,15.836009070294784,1205.859375,7235.15625,present,https://s3.amazonaws.com/arbimon2/project_2770/detections/10553/10_54.png,1572675300000,,0.3068817881057823,22307
569,168302416,MON_20191102_060700.p9.flac,Miraflores,2019,11,Agelasticus thilius,Alternative Song,30.91156462585034,32.345396825396826,1205.859375,7235.15625,present,https://s3.amazonaws.com/arbimon2/project_2770/detections/10553/10_55.png,1572675300000,,0.3047238293843025,22307
570,168302418,MON_20191102_060700.p10.flac,Miraflores,2019,11,Agelasticus thilius,Alternative Song,2.861859410430839,4.295691609977324,1205.859375,7235.15625,present,https://s3.amazonaws.com/arbimon2/project_2770/detections/10553/10_57.png,1572675360000,,0.334277040626581,22307
571,168302423,MON_20191102_060700.p11.flac,Miraflores,2019,11,Agelasticus thilius,Alternative Song,28.398004535147397,29.83183673469388,1205.859375,7235.15625,present,https://s3.amazonaws.com/arbimon2/project_2770/detections/10553/10_62.png,1572675420000,,0.2985623029835745,22307
572,168302447,MON_20191102_060700.p51.flac,Miraflores,2019,11,Agelasticus thilius,Alternative Song,17.438185941043084,18.87201814058957,1205.859375,7235.15625,present,https://s3.amazonaws.com/arbimon2/project_2770/detections/10553/10_86.png,1572677820000,,0.2636872198086188,22307
573,168302451,MON_20191102_070000.p5.flac,Miraflores,2019,11,Agelasticus thilius,Alternative Song,7.87156462585034,9.305396825396825,1205.859375,7235.15625,present,https://s3.amazonaws.com/arbimon2/project_2770/detections/10553/10_90.png,1572678240000,,0.3616612633418365,22307
574,168302452,MON_20191102_070000.p5.flac,Miraflores,2019,11,Agelasticus thilius,Alternative Song,17.03183673469388,18.46566893424036,1205.859375,7235.15625,present,https://s3.amazonaws.com/arbimon2/project_2770/detections/10553/10_91.png,1572678240000,,0.328992085516759,22307
575,168302462,MON_20191102_090000.p3.flac,Miraflores,2019,11,Agelasticus thilius,Alternative Song,56.11102040816326,57.54485260770975,1205.859375,7235.15625,present,https://s3.amazonaws.com/arbimon2/project_2770/detections/10553/10_101.png,1572685320000,,0.3728740396936236,22307
576,168302463,MON_20191102_090000.p3.flac,Miraflores,2019,11,Agelasticus thilius,Alternative Song,33.13487528344671,34.5687074829932,1205.859375,7235.15625,present,https://s3.amazonaws.com/arbimon2/project_2770/detections/10553/10_102.png,1572685320000,,0.3086854699124047,22307
577,168302465,MON_20191102_090000.p4.flac,Miraflores,2019,11,Agelasticus thilius,Alternative Song,5.752743764172336,7.186575963718821,1205.859375,7235.15625,present,https://s3.amazonaws.com/arbimon2/project_2770/detections/10553/10_104.png,1572685380000,,0.4313945484824311,22307
578,168302474,MON_20191102_110000.p1.flac,Miraflores,2019,11,Agelasticus thilius,Alternative Song,19.59183673469388,21.02566893424036,1205.859375,7235.15625,present,https://s3.amazonaws.com/arbimon2/project_2770/detections/10553/10_113.png,1572692400000,,0.3579476282978421,22307
579,168302480,MON_20191102_110000.p4.flac,Miraflores,2019,11,Agelasticus thilius,Alternative Song,53.51619047619048,54.95002267573696,1205.859375,7235.15625,present,https://s3.amazonaws.com/arbimon2/project_2770/detections/10553/10_119.png,1572692580000,,0.368270344710955,22307
580,168302481,MON_20191102_110000.p4.flac,Miraflores,2019,11,Agelasticus thilius,Alternative Song,9.229931972789116,10.6637641723356,1205.859375,7235.15625,present,https://s3.amazonaws.com/arbimon2/project_2770/detections/10553/10_120.png,1572692580000,,0.2830247880552616,22307
581,168302486,MON_20191102_120000.p2.flac,Miraflores,2019,11,Agelasticus thilius,Alternative Song,48.001451247165534,49.43528344671202,1205.859375,7235.15625,present,https://s3.amazonaws.com/arbimon2/project_2770/detections/10553/10_125.png,1572696060000,,0.3258407740507889,22307
582,168302489,MON_20191102_120000.p5.flac,Miraflores,2019,11,Agelasticus thilius,Alternative Song,52.22167800453515,53.65551020408163,1205.859375,7235.15625,present,https://s3.amazonaws.com/arbimon2/project_2770/detections/10553/10_128.png,1572696240000,,0.2709649025086594,22307
583,168302498,MON_20191102_150000.p4.flac,Miraflores,2019,11,Agelasticus thilius,Alternative Song,55.32154195011338,56.755374149659865,1205.859375,7235.15625,present,https://s3.amazonaws.com/arbimon2/project_2770/detections/10553/10_137.png,1572706980000,,0.350305885021724,22307
584,168302500,MON_20191102_150000.p3.flac,Miraflores,2019,11,Agelasticus thilius,Alternative Song,43.27619047619048,44.71002267573696,1205.859375,7235.15625,present,https://s3.amazonaws.com/arbimon2/project_2770/detections/10553/10_139.png,1572706920000,,0.3170171229033566,22307
585,168302503,MON_20191102_170000.p1.flac,Miraflores,2019,11,Agelasticus thilius,Alternative Song,24.735056689342404,26.16888888888889,1205.859375,7235.15625,present,https://s3.amazonaws.com/arbimon2/project_2770/detections/10553/10_142.png,1572714000000,,0.363979841284347,22307
586,168302506,MON_20191102_170000.p2.flac,Miraflores,2019,11,Agelasticus thilius,Alternative Song,56.78439909297053,58.21823129251701,1205.859375,7235.15625,present,https://s3.amazonaws.com/arbimon2/project_2770/detections/10553/10_145.png,1572714060000,,0.3797731035100601,22307
587,168302513,MON_20191102_200000.p3.flac,Miraflores,2019,11,Agelasticus thilius,Alternative Song,32.39764172335601,33.8314739229025,1205.859375,7235.15625,present,https://s3.amazonaws.com/arbimon2/project_2770/detections/10553/10_152.png,1572724920000,,0.338169233965139,22307
588,168302523,MON_20191102_200700.p8.flac,Miraflores,2019,11,Agelasticus thilius,Alternative Song,24.14875283446712,25.582585034013604,1205.859375,7235.15625,present,https://s3.amazonaws.com/arbimon2/project_2770/detections/10553/10_162.png,1572725640000,,0.2623048040324286,22307
589,168302529,MON_20191102_200700.p12.flac,Miraflores,2019,11,Agelasticus thilius,Alternative Song,9.392471655328798,10.826303854875285,1205.859375,7235.15625,present,https://s3.amazonaws.com/arbimon2/project_2770/detections/10553/10_168.png,1572725880000,,0.3184429108455824,22307
590,168302532,MON_20191102_200700.p14.flac,Miraflores,2019,11,Agelasticus thilius,Alternative Song,51.83854875283447,53.27238095238095,1205.859375,7235.15625,present,https://s3.amazonaws.com/arbimon2/project_2770/detections/10553/10_171.png,1572726000000,,0.3045159096371488,22307
591,168302534,MON_20191102_200700.p16.flac,Miraflores,2019,11,Agelasticus thilius,Alternative Song,14.082902494331066,15.51673469387755,1205.859375,7235.15625,present,https://s3.amazonaws.com/arbimon2/project_2770/detections/10553/10_173.png,1572726120000,,0.2886291115465569,22307
592,168302537,MON_20191102_200700.p15.flac,Miraflores,2019,11,Agelasticus thilius,Alternative Song,55.90784580498866,57.34167800453515,1205.859375,7235.15625,present,https://s3.amazonaws.com/arbimon2/project_2770/detections/10553/10_176.png,1572726060000,,0.355933831979963,22307
593,168302538,MON_20191102_200700.p15.flac,Miraflores,2019,11,Agelasticus thilius,Alternative Song,10.408344671201814,11.8421768707483,1205.859375,7235.15625,present,https://s3.amazonaws.com/arbimon2/project_2770/detections/10553/10_177.png,1572726060000,,0.2918523820419516,22307
594,168302542,MON_20191102_200700.p19.flac,Miraflores,2019,11,Agelasticus thilius,Alternative Song,49.96934240362812,51.403174603174605,1205.859375,7235.15625,present,https://s3.amazonaws.com/arbimon2/project_2770/detections/10553/10_181.png,1572726300000,,0.352519930919353,22307
595,168302543,MON_20191102_200700.p19.flac,Miraflores,2019,11,Agelasticus thilius,Alternative Song,39.00952380952381,40.44335600907029,1205.859375,7235.15625,present,https://s3.amazonaws.com/arbimon2/project_2770/detections/10553/10_182.png,1572726300000,,0.3199929518083111,22307
596,168302544,MON_20191102_200700.p18.flac,Miraflores,2019,11,Agelasticus thilius,Alternative Song,34.249433106575964,35.68326530612245,1205.859375,7235.15625,present,https://s3.amazonaws.com/arbimon2/project_2770/detections/10553/10_183.png,1572726240000,,0.365080602111873,22307
597,168302545,MON_20191102_200700.p18.flac,Miraflores,2019,11,Agelasticus thilius,Alternative Song,8.02249433106576,9.456326530612245,1205.859375,7235.15625,present,https://s3.amazonaws.com/arbimon2/project_2770/detections/10553/10_184.png,1572726240000,,0.3059814658322961,22307
598,168302546,MON_20191102_200700.p18.flac,Miraflores,2019,11,Agelasticus thilius,Alternative Song,52.48290249433106,53.91673469387755,1205.859375,7235.15625,present,https://s3.amazonaws.com/arbimon2/project_2770/detections/10553/10_185.png,1572726240000,,0.3053169796122482,22307
599,168302547,MON_20191102_200700.p20.flac,Miraflores,2019,11,Agelasticus thilius,Alternative Song,5.2128798185941045,6.646712018140589,1205.859375,7235.15625,present,https://s3.amazonaws.com/arbimon2/project_2770/detections/10553/10_186.png,1572726360000,,0.3481778052808539,22307
600,168302554,MON_20191028_180000.p4.flac,Miraflores,2019,10,Agelasticus thilius,Alternative Song,41.32571428571429,42.75954648526077,1205.859375,7235.15625,present,https://s3.amazonaws.com/arbimon2/project_2770/detections/10553/7_3.png,1572285780000,,0.3031613066114734,22307
601,168302557,MON_20191028_200000.p3.flac,Miraflores,2019,10,Agelasticus thilius,Alternative Song,27.61433106575964,29.048163265306123,1205.859375,7235.15625,present,https://s3.amazonaws.com/arbimon2/project_2770/detections/10553/7_6.png,1572292920000,,0.2678606843175002,22307
602,168302559,MON_20191028_200700.p18.flac,Miraflores,2019,10,Agelasticus thilius,Alternative Song,43.94956916099773,45.38340136054422,1205.859375,7235.15625,present,https://s3.amazonaws.com/arbimon2/project_2770/detections/10553/7_8.png,1572294240000,,0.2006693679468349,22307
603,168302560,MON_20191028_200700.p17.flac,Miraflores,2019,10,Agelasticus thilius,Alternative Song,30.801269841269843,32.23510204081633,1205.859375,7235.15625,present,https://s3.amazonaws.com/arbimon2/project_2770/detections/10553/7_9.png,1572294180000,,0.3233886357174508,22307
604,168302561,MON_20191028_200700.p24.flac,Miraflores,2019,10,Agelasticus thilius,Alternative Song,25.129795918367343,26.563628117913836,1205.859375,7235.15625,present,https://s3.amazonaws.com/arbimon2/project_2770/detections/10553/7_10.png,1572294600000,,0.2011246846719633,22307
605,168302563,MON_20191029_060700.p17.flac,Miraflores,2019,10,Agelasticus thilius,Alternative Song,3.4597732426303853,4.893605442176871,1205.859375,7235.15625,present,https://s3.amazonaws.com/arbimon2/project_2770/detections/10553/7_12.png,1572330180000,,0.2744974141313276,22307
606,168302565,MON_20191029_060700.p18.flac,Miraflores,2019,10,Agelasticus thilius,Alternative Song,43.71156462585034,45.14539682539682,1205.859375,7235.15625,present,https://s3.amazonaws.com/arbimon2/project_2770/detections/10553/7_14.png,1572330240000,,0.290896478435765,22307
607,168302566,MON_20191029_060700.p19.flac,Miraflores,2019,10,Agelasticus thilius,Alternative Song,27.48081632653061,28.914648526077094,1205.859375,7235.15625,present,https://s3.amazonaws.com/arbimon2/project_2770/detections/10553/7_15.png,1572330300000,,0.2651705196613698,22307
608,168302569,MON_20191029_060700.p27.flac,Miraflores,2019,10,Agelasticus thilius,Alternative Song,46.71854875283447,48.15238095238095,1205.859375,7235.15625,present,https://s3.amazonaws.com/arbimon2/project_2770/detections/10553/7_18.png,1572330780000,,0.2665468727774023,22307
609,168302571,MON_20191029_060700.p29.flac,Miraflores,2019,10,Agelasticus thilius,Alternative Song,47.06104308390022,48.49487528344671,1205.859375,7235.15625,present,https://s3.amazonaws.com/arbimon2/project_2770/detections/10553/7_20.png,1572330900000,,0.2786841788258942,22307
610,168302573,MON_20191029_060700.p30.flac,Miraflores,2019,10,Agelasticus thilius,Alternative Song,30.76063492063492,32.19446712018141,1205.859375,7235.15625,present,https://s3.amazonaws.com/arbimon2/project_2770/detections/10553/7_22.png,1572330960000,,0.3522362272931159,22307
611,168302574,MON_20191029_060700.p30.flac,Miraflores,2019,10,Agelasticus thilius,Alternative Song,46.71274376417234,48.14657596371882,1205.859375,7235.15625,present,https://s3.amazonaws.com/arbimon2/project_2770/detections/10553/7_23.png,1572330960000,,0.2587113975754643,22307
612,168302594,MON_20191029_080000.p2.flac,Miraflores,2019,10,Agelasticus thilius,Alternative Song,34.09269841269841,35.5265306122449,1205.859375,7235.15625,present,https://s3.amazonaws.com/arbimon2/project_2770/detections/10553/7_43.png,1572336060000,,0.271252550220302,22307
613,168302596,MON_20191029_080000.p1.flac,Miraflores,2019,10,Agelasticus thilius,Alternative Song,7.668390022675737,9.102222222222222,1205.859375,7235.15625,present,https://s3.amazonaws.com/arbimon2/project_2770/detections/10553/7_45.png,1572336000000,,0.4103545391156744,22307
614,168302605,MON_20191029_090000.p1.flac,Miraflores,2019,10,Agelasticus thilius,Alternative Song,57.1675283446712,58.60136054421768,1205.859375,7235.15625,present,https://s3.amazonaws.com/arbimon2/project_2770/detections/10553/7_54.png,1572339600000,,0.3558417451787755,22307
615,168302608,MON_20191029_090000.p2.flac,Miraflores,2019,10,Agelasticus thilius,Alternative Song,11.43002267573696,12.863854875283447,1205.859375,7235.15625,present,https://s3.amazonaws.com/arbimon2/project_2770/detections/10553/7_57.png,1572339660000,,0.3272886338740143,22307
616,168302616,MON_20191029_100000.p2.flac,Miraflores,2019,10,Agelasticus thilius,Alternative Song,54.21278911564626,55.646621315192746,1205.859375,7235.15625,present,https://s3.amazonaws.com/arbimon2/project_2770/detections/10553/7_65.png,1572343260000,,0.3092520998609899,22307
617,168302622,MON_20191029_100000.p3.flac,Miraflores,2019,10,Agelasticus thilius,Alternative Song,27.2950566893424,28.72888888888889,1205.859375,7235.15625,present,https://s3.amazonaws.com/arbimon2/project_2770/detections/10553/7_71.png,1572343320000,,0.305999721451177,22307
618,168302674,MON_20191029_160000.p1.flac,Miraflores,2019,10,Agelasticus thilius,Alternative Song,31.648798185941043,33.082630385487526,1205.859375,7235.15625,present,https://s3.amazonaws.com/arbimon2/project_2770/detections/10553/7_123.png,1572364800000,,0.4260702962016873,22307
619,168302675,MON_20191029_160000.p1.flac,Miraflores,2019,10,Agelasticus thilius,Alternative Song,57.12108843537415,58.55492063492064,1205.859375,7235.15625,present,https://s3.amazonaws.com/arbimon2/project_2770/detections/10553/7_124.png,1572364800000,,0.4069343877248442,22307
620,168302676,MON_20191029_160000.p1.flac,Miraflores,2019,10,Agelasticus thilius,Alternative Song,5.276734693877551,6.710566893424036,1205.859375,7235.15625,present,https://s3.amazonaws.com/arbimon2/project_2770/detections/10553/7_125.png,1572364800000,,0.3398385845002299,22307
621,168302677,MON_20191029_160000.p2.flac,Miraflores,2019,10,Agelasticus thilius,Alternative Song,30.84770975056689,32.28154195011338,1205.859375,7235.15625,present,https://s3.amazonaws.com/arbimon2/project_2770/detections/10553/7_126.png,1572364860000,,0.3671662479299137,22307
622,168302679,MON_20191029_160000.p3.flac,Miraflores,2019,10,Agelasticus thilius,Alternative Song,25.63482993197279,27.068662131519275,1205.859375,7235.15625,present,https://s3.amazonaws.com/arbimon2/project_2770/detections/10553/7_128.png,1572364920000,,0.3769917629987389,22307
623,168302686,MON_20191029_180000.p5.flac,Miraflores,2019,10,Agelasticus thilius,Alternative Song,52.99954648526077,54.43337868480726,1205.859375,7235.15625,present,https://s3.amazonaws.com/arbimon2/project_2770/detections/10553/7_135.png,1572372240000,,0.3372645141231866,22307
624,168302687,MON_20191029_180000.p4.flac,Miraflores,2019,10,Agelasticus thilius,Alternative Song,35.83419501133787,37.26802721088436,1205.859375,7235.15625,present,https://s3.amazonaws.com/arbimon2/project_2770/detections/10553/7_136.png,1572372180000,,0.2978360185949729,22307
625,168302690,MON_20191029_190000.p4.flac,Miraflores,2019,10,Agelasticus thilius,Alternative Song,38.56834467120181,40.0021768707483,1205.859375,7235.15625,present,https://s3.amazonaws.com/arbimon2/project_2770/detections/10553/7_139.png,1572375780000,,0.3560499607748343,22307
626,168302691,MON_20191029_190000.p2.flac,Miraflores,2019,10,Agelasticus thilius,Alternative Song,48.587755102040816,50.0215873015873,1205.859375,7235.15625,present,https://s3.amazonaws.com/arbimon2/project_2770/detections/10553/7_140.png,1572375660000,,0.293246130144403,22307
627,168302694,MON_20191029_190000.p3.flac,Miraflores,2019,10,Agelasticus thilius,Alternative Song,34.89959183673469,36.33342403628118,1205.859375,7235.15625,present,https://s3.amazonaws.com/arbimon2/project_2770/detections/10553/7_143.png,1572375720000,,0.2754328086289647,22307
628,168302697,MON_20191029_190000.p5.flac,Miraflores,2019,10,Agelasticus thilius,Alternative Song,15.330975056689342,16.764807256235827,1205.859375,7235.15625,present,https://s3.amazonaws.com/arbimon2/project_2770/detections/10553/7_146.png,1572375840000,,0.3669320975430931,22307
629,168302698,MON_20191029_190000.p5.flac,Miraflores,2019,10,Agelasticus thilius,Alternative Song,38.41160997732426,39.84544217687075,1205.859375,7235.15625,present,https://s3.amazonaws.com/arbimon2/project_2770/detections/10553/7_147.png,1572375840000,,0.3400598714307454,22307
630,168302699,MON_20191029_200000.p1.flac,Miraflores,2019,10,Agelasticus thilius,Alternative Song,17.838730158730158,19.272562358276645,1205.859375,7235.15625,present,https://s3.amazonaws.com/arbimon2/project_2770/detections/10553/7_148.png,1572379200000,,0.3212497405603965,22307
631,168302700,MON_20191029_200000.p1.flac,Miraflores,2019,10,Agelasticus thilius,Alternative Song,49.85324263038549,51.28707482993197,1205.859375,7235.15625,present,https://s3.amazonaws.com/arbimon2/project_2770/detections/10553/7_149.png,1572379200000,,0.3024443975954476,22307
632,168302701,MON_20191029_200000.p1.flac,Miraflores,2019,10,Agelasticus thilius,Alternative Song,42.05133786848072,43.48517006802721,1205.859375,7235.15625,present,https://s3.amazonaws.com/arbimon2/project_2770/detections/10553/7_150.png,1572379200000,,0.2944812660818634,22307
633,168302704,MON_20191029_200000.p2.flac,Miraflores,2019,10,Agelasticus thilius,Alternative Song,35.735510204081635,37.169342403628114,1205.859375,7235.15625,present,https://s3.amazonaws.com/arbimon2/project_2770/detections/10553/7_153.png,1572379260000,,0.380899815268395,22307
634,168302705,MON_20191029_200000.p2.flac,Miraflores,2019,10,Agelasticus thilius,Alternative Song,8.039909297052155,9.47374149659864,1205.859375,7235.15625,present,https://s3.amazonaws.com/arbimon2/project_2770/detections/10553/7_154.png,1572379260000,,0.330095364782844,22307
635,168302706,MON_20191029_200000.p2.flac,Miraflores,2019,10,Agelasticus thilius,Alternative Song,19.818231292517005,21.25206349206349,1205.859375,7235.15625,present,https://s3.amazonaws.com/arbimon2/project_2770/detections/10553/7_155.png,1572379260000,,0.3177013442619056,22307
636,168302711,MON_20191029_200700.p3.flac,Miraflores,2019,10,Agelasticus thilius,Alternative Song,9.36344671201814,10.797278911564623,1205.859375,7235.15625,present,https://s3.amazonaws.com/arbimon2/project_2770/detections/10553/7_160.png,1572379740000,,0.3494999346533446,22307
637,168302712,MON_20191029_200700.p4.flac,Miraflores,2019,10,Agelasticus thilius,Alternative Song,54.21859410430839,55.65242630385488,1205.859375,7235.15625,present,https://s3.amazonaws.com/arbimon2/project_2770/detections/10553/7_161.png,1572379800000,,0.3663907670025914,22307
638,168302715,MON_20191029_200700.p5.flac,Miraflores,2019,10,Agelasticus thilius,Alternative Song,42.44607709750567,43.87990929705215,1205.859375,7235.15625,present,https://s3.amazonaws.com/arbimon2/project_2770/detections/10553/7_164.png,1572379860000,,0.2907588360725732,22307
639,168302716,MON_20191029_200700.p5.flac,Miraflores,2019,10,Agelasticus thilius,Alternative Song,50.40471655328798,51.83854875283447,1205.859375,7235.15625,present,https://s3.amazonaws.com/arbimon2/project_2770/detections/10553/7_165.png,1572379860000,,0.2011161479825339,22307
640,168302718,MON_20191029_200700.p7.flac,Miraflores,2019,10,Agelasticus thilius,Alternative Song,32.56018140589569,33.99401360544218,1205.859375,7235.15625,present,https://s3.amazonaws.com/arbimon2/project_2770/detections/10553/7_167.png,1572379980000,,0.337547774809614,22307
641,168302723,MON_20191109_170000.p5.flac,Miraflores,2019,11,Agelasticus thilius,Alternative Song,22.09378684807256,23.527619047619048,1205.859375,7235.15625,present,https://s3.amazonaws.com/arbimon2/project_2770/detections/10553/16_1.png,1573319040000,,0.3037772040883455,22307
642,168302726,MON_20191109_180000.p1.flac,Miraflores,2019,11,Agelasticus thilius,Alternative Song,21.414603174603176,22.84843537414966,1205.859375,7235.15625,present,https://s3.amazonaws.com/arbimon2/project_2770/detections/10553/16_4.png,1573322400000,,0.2926549634699704,22307
643,168302728,MON_20191109_180000.p4.flac,Miraflores,2019,11,Agelasticus thilius,Alternative Song,18.44825396825397,19.88208616780045,1205.859375,7235.15625,present,https://s3.amazonaws.com/arbimon2/project_2770/detections/10553/16_6.png,1573322580000,,0.3376583371791132,22307
644,168302729,MON_20191109_180000.p5.flac,Miraflores,2019,11,Agelasticus thilius,Alternative Song,52.13460317460317,53.56843537414966,1205.859375,7235.15625,present,https://s3.amazonaws.com/arbimon2/project_2770/detections/10553/16_7.png,1573322640000,,0.3123279426664558,22307
645,168302730,MON_20191109_180000.p5.flac,Miraflores,2019,11,Agelasticus thilius,Alternative Song,39.92671201814059,41.36054421768708,1205.859375,7235.15625,present,https://s3.amazonaws.com/arbimon2/project_2770/detections/10553/16_8.png,1573322640000,,0.2584410514366421,22307
646,168302731,MON_20191109_190000.p3.flac,Miraflores,2019,11,Agelasticus thilius,Alternative Song,24.45061224489796,25.884444444444444,1205.859375,7235.15625,present,https://s3.amazonaws.com/arbimon2/project_2770/detections/10553/16_9.png,1573326120000,,0.3003035458035952,22307
647,168302732,MON_20191109_190000.p4.flac,Miraflores,2019,11,Agelasticus thilius,Alternative Song,39.49133786848073,40.925170068027214,1205.859375,7235.15625,present,https://s3.amazonaws.com/arbimon2/project_2770/detections/10553/16_10.png,1573326180000,,0.3947804036972591,22307
648,168302733,MON_20191109_190000.p4.flac,Miraflores,2019,11,Agelasticus thilius,Alternative Song,44.83192743764173,46.26575963718821,1205.859375,7235.15625,present,https://s3.amazonaws.com/arbimon2/project_2770/detections/10553/16_11.png,1573326180000,,0.3207324514559171,22307
649,168302740,MON_20191109_200700.p4.flac,Miraflores,2019,11,Agelasticus thilius,Alternative Song,23.04580498866213,24.479637188208617,1205.859375,7235.15625,present,https://s3.amazonaws.com/arbimon2/project_2770/detections/10553/16_18.png,1573330200000,,0.3354917277775017,22307
650,168302741,MON_20191109_200700.p4.flac,Miraflores,2019,11,Agelasticus thilius,Alternative Song,58.16018140589569,59.59401360544218,1205.859375,7235.15625,present,https://s3.amazonaws.com/arbimon2/project_2770/detections/10553/16_19.png,1573330200000,,0.2956687719956588,22307
651,168302742,MON_20191109_200700.p4.flac,Miraflores,2019,11,Agelasticus thilius,Alternative Song,13.084444444444443,14.51827664399093,1205.859375,7235.15625,present,https://s3.amazonaws.com/arbimon2/project_2770/detections/10553/16_20.png,1573330200000,,0.2912146046264831,22307
652,168302743,MON_20191109_200700.p6.flac,Miraflores,2019,11,Agelasticus thilius,Alternative Song,32.496326530612244,33.93015873015873,1205.859375,7235.15625,present,https://s3.amazonaws.com/arbimon2/project_2770/detections/10553/16_21.png,1573330320000,,0.2815587974975397,22307
653,168302744,MON_20191109_200700.p7.flac,Miraflores,2019,11,Agelasticus thilius,Alternative Song,50.03900226757369,51.47283446712018,1205.859375,7235.15625,present,https://s3.amazonaws.com/arbimon2/project_2770/detections/10553/16_22.png,1573330380000,,0.2965279571342468,22307
654,168302745,MON_20191109_200700.p7.flac,Miraflores,2019,11,Agelasticus thilius,Alternative Song,17.39174603174603,18.82557823129252,1205.859375,7235.15625,present,https://s3.amazonaws.com/arbimon2/project_2770/detections/10553/16_23.png,1573330380000,,0.2669228404291418,22307
655,168302747,MON_20191109_200700.p8.flac,Miraflores,2019,11,Agelasticus thilius,Alternative Song,3.128888888888889,4.562721088435374,1205.859375,7235.15625,present,https://s3.amazonaws.com/arbimon2/project_2770/detections/10553/16_25.png,1573330440000,,0.365315895986591,22307
656,168302748,MON_20191109_200700.p8.flac,Miraflores,2019,11,Agelasticus thilius,Alternative Song,20.961814058956914,22.3956462585034,1205.859375,7235.15625,present,https://s3.amazonaws.com/arbimon2/project_2770/detections/10553/16_26.png,1573330440000,,0.3608520254342,22307
657,168302758,MON_20191109_200700.p16.flac,Miraflores,2019,11,Agelasticus thilius,Alternative Song,2.153650793650794,3.5874829931972787,1205.859375,7235.15625,present,https://s3.amazonaws.com/arbimon2/project_2770/detections/10553/16_36.png,1573330920000,,0.2745133034073699,22307
658,168302760,MON_20191109_200700.p18.flac,Miraflores,2019,11,Agelasticus thilius,Alternative Song,25.379410430839,26.81324263038549,1205.859375,7235.15625,present,https://s3.amazonaws.com/arbimon2/project_2770/detections/10553/16_38.png,1573331040000,,0.2548582465264347,22307
659,168302763,MON_20191109_200700.p19.flac,Miraflores,2019,11,Agelasticus thilius,Alternative Song,33.8140589569161,35.247891156462586,1205.859375,7235.15625,present,https://s3.amazonaws.com/arbimon2/project_2770/detections/10553/16_41.png,1573331100000,,0.2970717124128595,22307
660,168302764,MON_20191109_200700.p23.flac,Miraflores,2019,11,Agelasticus thilius,Alternative Song,8.370793650793651,9.804625850340136,1205.859375,7235.15625,present,https://s3.amazonaws.com/arbimon2/project_2770/detections/10553/16_42.png,1573331340000,,0.2967871144619551,22307
661,168302766,MON_20191109_200700.p20.flac,Miraflores,2019,11,Agelasticus thilius,Alternative Song,31.13795918367347,32.57179138321995,1205.859375,7235.15625,present,https://s3.amazonaws.com/arbimon2/project_2770/detections/10553/16_44.png,1573331160000,,0.2913241867081688,22307
662,168302767,MON_20191109_200700.p21.flac,Miraflores,2019,11,Agelasticus thilius,Alternative Song,34.969251700680275,36.403083900226754,1205.859375,7235.15625,present,https://s3.amazonaws.com/arbimon2/project_2770/detections/10553/16_45.png,1573331220000,,0.2592951057374208,22307
663,168302769,MON_20191109_200700.p22.flac,Miraflores,2019,11,Agelasticus thilius,Alternative Song,50.74721088435374,52.18104308390023,1205.859375,7235.15625,present,https://s3.amazonaws.com/arbimon2/project_2770/detections/10553/16_47.png,1573331280000,,0.2567924576599134,22307
664,168302773,MON_20191109_200700.p30.flac,Miraflores,2019,11,Agelasticus thilius,Alternative Song,52.79056689342404,54.22439909297052,1205.859375,7235.15625,present,https://s3.amazonaws.com/arbimon2/project_2770/detections/10553/16_51.png,1573331760000,,0.2937065407611506,22307
665,168302781,MON_20191110_060700.p2.flac,Miraflores,2019,11,Agelasticus thilius,Alternative Song,35.25950113378685,36.693333333333335,1205.859375,7235.15625,present,https://s3.amazonaws.com/arbimon2/project_2770/detections/10553/16_59.png,1573366080000,,0.2688532720350829,22307
666,168302783,MON_20191110_060700.p4.flac,Miraflores,2019,11,Agelasticus thilius,Alternative Song,26.55201814058957,27.985850340136054,1205.859375,7235.15625,present,https://s3.amazonaws.com/arbimon2/project_2770/detections/10553/16_61.png,1573366200000,,0.256016264812791,22307
667,168302791,MON_20191110_070000.p2.flac,Miraflores,2019,11,Agelasticus thilius,Alternative Song,35.1956462585034,36.62947845804989,1205.859375,7235.15625,present,https://s3.amazonaws.com/arbimon2/project_2770/detections/10553/16_69.png,1573369260000,,0.2007313367468018,22307
668,168302793,MON_20191110_080000.p3.flac,Miraflores,2019,11,Agelasticus thilius,Alternative Song,28.19482993197279,29.628662131519278,1205.859375,7235.15625,present,https://s3.amazonaws.com/arbimon2/project_2770/detections/10553/16_71.png,1573372920000,,0.2009508707909078,22307
669,168302794,MON_20191110_080000.p2.flac,Miraflores,2019,11,Agelasticus thilius,Alternative Song,5.61922902494331,7.053061224489796,1205.859375,7235.15625,present,https://s3.amazonaws.com/arbimon2/project_2770/detections/10553/16_72.png,1573372860000,,0.2760423473577518,22307
670,168302804,MON_20191110_200000.p3.flac,Miraflores,2019,11,Agelasticus thilius,Alternative Song,53.60907029478458,55.04290249433107,1205.859375,7235.15625,present,https://s3.amazonaws.com/arbimon2/project_2770/detections/10553/16_82.png,1573416120000,,0.3136447678522973,22307
671,168302813,MON_20191110_200700.p9.flac,Miraflores,2019,11,Agelasticus thilius,Alternative Song,50.84009070294785,52.273922902494334,1205.859375,7235.15625,present,https://s3.amazonaws.com/arbimon2/project_2770/detections/10553/16_91.png,1573416900000,,0.2005193073280625,22307
672,168302824,MON_20191110_200700.p23.flac,Miraflores,2019,11,Agelasticus thilius,Alternative Song,53.55102040816327,54.98485260770975,1205.859375,7235.15625,present,https://s3.amazonaws.com/arbimon2/project_2770/detections/10553/16_102.png,1573417740000,,0.2898744131493307,22307
673,168302825,MON_20191110_200700.p23.flac,Miraflores,2019,11,Agelasticus thilius,Alternative Song,35.02149659863946,36.45532879818594,1205.859375,7235.15625,present,https://s3.amazonaws.com/arbimon2/project_2770/detections/10553/16_103.png,1573417740000,,0.282008864685652,22307
674,168302827,MON_20191110_200700.p26.flac,Miraflores,2019,11,Agelasticus thilius,Alternative Song,26.999002267573697,28.43283446712018,1205.859375,7235.15625,present,https://s3.amazonaws.com/arbimon2/project_2770/detections/10553/16_105.png,1573417920000,,0.36402244543223,22307
675,168302828,MON_20191110_200700.p26.flac,Miraflores,2019,11,Agelasticus thilius,Alternative Song,8.655238095238095,10.08907029478458,1205.859375,7235.15625,present,https://s3.amazonaws.com/arbimon2/project_2770/detections/10553/16_106.png,1573417920000,,0.3149686106636663,22307
676,168302829,MON_20191110_200700.p26.flac,Miraflores,2019,11,Agelasticus thilius,Alternative Song,41.65079365079365,43.08462585034014,1205.859375,7235.15625,present,https://s3.amazonaws.com/arbimon2/project_2770/detections/10553/16_107.png,1573417920000,,0.2952601792575059,22307
677,168302830,MON_20191110_200700.p25.flac,Miraflores,2019,11,Agelasticus thilius,Alternative Song,36.693333333333335,38.12716553287982,1205.859375,7235.15625,present,https://s3.amazonaws.com/arbimon2/project_2770/detections/10553/16_108.png,1573417860000,,0.2798652810838871,22307
678,168302832,MON_20191110_200700.p28.flac,Miraflores,2019,11,Agelasticus thilius,Alternative Song,22.865850340136053,24.29968253968254,1205.859375,7235.15625,present,https://s3.amazonaws.com/arbimon2/project_2770/detections/10553/16_110.png,1573418040000,,0.2619580153071205,22307
679,168302835,MON_20191110_200700.p29.flac,Miraflores,2019,11,Agelasticus thilius,Alternative Song,21.04888888888889,22.482721088435373,1205.859375,7235.15625,present,https://s3.amazonaws.com/arbimon2/project_2770/detections/10553/16_113.png,1573418100000,,0.3213664294341774,22307
680,168302836,MON_20191110_200700.p32.flac,Miraflores,2019,11,Agelasticus thilius,Alternative Song,14.59374149659864,16.027573696145126,1205.859375,7235.15625,present,https://s3.amazonaws.com/arbimon2/project_2770/detections/10553/16_114.png,1573418280000,,0.3307673582903483,22307
681,168302841,MON_20191123_060000.p5.flac,Miraflores,2019,11,Agelasticus thilius,Alternative Song,45.95229024943311,47.38612244897959,1205.859375,7235.15625,present,https://s3.amazonaws.com/arbimon2/project_2770/detections/10553/26_3.png,1574489040000,,0.2569228987006611,22307
682,168302845,MON_20191123_060700.p10.flac,Miraflores,2019,11,Agelasticus thilius,Alternative Song,20.67736961451247,22.11120181405896,1205.859375,7235.15625,present,https://s3.amazonaws.com/arbimon2/project_2770/detections/10553/26_7.png,1574489760000,,0.2844673050879474,22307
683,168302869,MON_20191123_060700.p32.flac,Miraflores,2019,11,Agelasticus thilius,Alternative Song,39.57260770975056,41.00643990929705,1205.859375,7235.15625,present,https://s3.amazonaws.com/arbimon2/project_2770/detections/10553/26_31.png,1574491080000,,0.2879399416645033,22307
684,168302904,MON_20191123_090000.p1.flac,Miraflores,2019,11,Agelasticus thilius,Alternative Song,12.18467120181406,13.618503401360543,1205.859375,7235.15625,present,https://s3.amazonaws.com/arbimon2/project_2770/detections/10553/26_66.png,1574499600000,,0.3338890429575022,22307
685,168302906,MON_20191123_090000.p3.flac,Miraflores,2019,11,Agelasticus thilius,Alternative Song,39.230113378684806,40.66394557823129,1205.859375,7235.15625,present,https://s3.amazonaws.com/arbimon2/project_2770/detections/10553/26_68.png,1574499720000,,0.3336936809412739,22307
686,168302907,MON_20191123_090000.p4.flac,Miraflores,2019,11,Agelasticus thilius,Alternative Song,1.2248526077097506,2.658684807256236,1205.859375,7235.15625,present,https://s3.amazonaws.com/arbimon2/project_2770/detections/10553/26_69.png,1574499780000,,0.285804540300118,22307
687,168302908,MON_20191123_130000.p1.flac,Miraflores,2019,11,Agelasticus thilius,Alternative Song,39.7815873015873,41.21541950113379,1205.859375,7235.15625,present,https://s3.amazonaws.com/arbimon2/project_2770/detections/10553/26_70.png,1574514000000,,0.3370119439887317,22307
688,168302940,MON_20191123_200700.p4.flac,Miraflores,2019,11,Agelasticus thilius,Alternative Song,2.17687074829932,3.610702947845805,1205.859375,7235.15625,present,https://s3.amazonaws.com/arbimon2/project_2770/detections/10553/26_102.png,1574539800000,,0.3234070606057003,22307
689,168302941,MON_20191123_200700.p13.flac,Miraflores,2019,11,Agelasticus thilius,Alternative Song,49.78358276643991,51.21741496598639,1205.859375,7235.15625,present,https://s3.amazonaws.com/arbimon2/project_2770/detections/10553/26_103.png,1574540340000,,0.301912876669682,22307
690,168302943,MON_20191123_200700.p18.flac,Miraflores,2019,11,Agelasticus thilius,Alternative Song,52.77895691609977,54.21278911564626,1205.859375,7235.15625,present,https://s3.amazonaws.com/arbimon2/project_2770/detections/10553/26_105.png,1574540640000,,0.2682422084261401,22307
691,168302961,MON_20191124_060700.p11.flac,Miraflores,2019,11,Agelasticus thilius,Alternative Song,5.712108843537415,7.1459410430839005,1205.859375,7235.15625,present,https://s3.amazonaws.com/arbimon2/project_2770/detections/10553/26_123.png,1574576220000,,0.2707838126329339,22307
692,168302974,MON_20191124_060700.p21.flac,Miraflores,2019,11,Agelasticus thilius,Alternative Song,23.864308390022675,25.29814058956916,1205.859375,7235.15625,present,https://s3.amazonaws.com/arbimon2/project_2770/detections/10553/26_136.png,1574576820000,,0.3342328407934073,22307
693,168302975,MON_20191124_060700.p22.flac,Miraflores,2019,11,Agelasticus thilius,Alternative Song,21.83836734693877,23.27219954648526,1205.859375,7235.15625,present,https://s3.amazonaws.com/arbimon2/project_2770/detections/10553/26_137.png,1574576880000,,0.3113573856672976,22307
694,168303015,MON_20191124_080000.p5.flac,Miraflores,2019,11,Agelasticus thilius,Alternative Song,10.019410430839002,11.453242630385487,1205.859375,7235.15625,present,https://s3.amazonaws.com/arbimon2/project_2770/detections/10553/26_177.png,1574582640000,,0.3131604576073117,22307
695,168303020,MON_20191124_100000.p4.flac,Miraflores,2019,11,Agelasticus thilius,Alternative Song,4.580136054421769,6.013968253968254,1205.859375,7235.15625,present,https://s3.amazonaws.com/arbimon2/project_2770/detections/10553/26_182.png,1574589780000,,0.356070781234521,22307
696,168303046,MON_20191221_200700.p12.flac,Miraflores,2019,12,Agelasticus thilius,Alternative Song,10.437369614512471,11.871201814058956,1205.859375,7235.15625,present,https://s3.amazonaws.com/arbimon2/project_2770/detections/10553/47_23.png,1576959480000,,0.2833864204792618,22307
697,168303052,MON_20191221_200700.p15.flac,Miraflores,2019,12,Agelasticus thilius,Alternative Song,34.44680272108844,35.88063492063492,1205.859375,7235.15625,present,https://s3.amazonaws.com/arbimon2/project_2770/detections/10553/47_29.png,1576959660000,,0.300271201083827,22307
698,168303054,MON_20191221_200700.p20.flac,Miraflores,2019,12,Agelasticus thilius,Alternative Song,26.070204081632653,27.50403628117914,1205.859375,7235.15625,present,https://s3.amazonaws.com/arbimon2/project_2770/detections/10553/47_31.png,1576959960000,,0.347299795232823,22307
699,168303055,MON_20191221_200700.p24.flac,Miraflores,2019,12,Agelasticus thilius,Alternative Song,35.95609977324263,37.38993197278912,1205.859375,7235.15625,present,https://s3.amazonaws.com/arbimon2/project_2770/detections/10553/47_32.png,1576960200000,,0.3425711584589052,22307
700,168303056,MON_20191221_200700.p22.flac,Miraflores,2019,12,Agelasticus thilius,Alternative Song,21.37396825396825,22.80780045351474,1205.859375,7235.15625,present,https://s3.amazonaws.com/arbimon2/project_2770/detections/10553/47_33.png,1576960080000,,0.3113896906624936,22307
701,168303061,MON_20191221_200700.p26.flac,Miraflores,2019,12,Agelasticus thilius,Alternative Song,20.23619047619048,21.670022675736963,1205.859375,7235.15625,present,https://s3.amazonaws.com/arbimon2/project_2770/detections/10553/47_38.png,1576960320000,,0.3722047967206974,22307
702,168303063,MON_20191221_200700.p25.flac,Miraflores,2019,12,Agelasticus thilius,Alternative Song,57.88734693877551,59.321179138322,1205.859375,7235.15625,present,https://s3.amazonaws.com/arbimon2/project_2770/detections/10553/47_40.png,1576960260000,,0.3558199076192452,22307
703,168303064,MON_20191221_200700.p25.flac,Miraflores,2019,12,Agelasticus thilius,Alternative Song,2.681904761904762,4.115736961451248,1205.859375,7235.15625,present,https://s3.amazonaws.com/arbimon2/project_2770/detections/10553/47_41.png,1576960260000,,0.335361783524633,22307
704,168303069,MON_20191221_200700.p33.flac,Miraflores,2019,12,Agelasticus thilius,Alternative Song,55.87301587301587,57.30684807256236,1205.859375,7235.15625,present,https://s3.amazonaws.com/arbimon2/project_2770/detections/10553/47_46.png,1576960740000,,0.2949466505795468,22307
705,168303088,MON_20191222_060000.p1.flac,Miraflores,2019,12,Agelasticus thilius,Alternative Song,30.83609977324263,32.26993197278912,1205.859375,7235.15625,present,https://s3.amazonaws.com/arbimon2/project_2770/detections/10553/47_65.png,1576994400000,,0.3035084564706308,22307
706,168303091,MON_20191222_060000.p2.flac,Miraflores,2019,12,Agelasticus thilius,Alternative Song,25.79156462585034,27.225396825396825,1205.859375,7235.15625,present,https://s3.amazonaws.com/arbimon2/project_2770/detections/10553/47_68.png,1576994460000,,0.2874060760382225,22307
707,168303092,MON_20191222_060000.p2.flac,Miraflores,2019,12,Agelasticus thilius,Alternative Song,44.51265306122449,45.94648526077098,1205.859375,7235.15625,present,https://s3.amazonaws.com/arbimon2/project_2770/detections/10553/47_69.png,1576994460000,,0.2588212740157626,22307
708,168303095,MON_20191222_060700.p2.flac,Miraflores,2019,12,Agelasticus thilius,Alternative Song,53.748390022675736,55.18222222222222,1205.859375,7235.15625,present,https://s3.amazonaws.com/arbimon2/project_2770/detections/10553/47_72.png,1576994880000,,0.2613887871699927,22307
709,168303101,MON_20191222_060700.p12.flac,Miraflores,2019,12,Agelasticus thilius,Alternative Song,8.573968253968253,10.00780045351474,1205.859375,7235.15625,present,https://s3.amazonaws.com/arbimon2/project_2770/detections/10553/47_78.png,1576995480000,,0.3033267880718582,22307
710,168303102,MON_20191222_060700.p13.flac,Miraflores,2019,12,Agelasticus thilius,Alternative Song,43.75800453514739,45.19183673469388,1205.859375,7235.15625,present,https://s3.amazonaws.com/arbimon2/project_2770/detections/10553/47_79.png,1576995540000,,0.2689227205733903,22307
711,168303124,MON_20191222_060700.p40.flac,Miraflores,2019,12,Agelasticus thilius,Alternative Song,25.10077097505669,26.534603174603173,1205.859375,7235.15625,present,https://s3.amazonaws.com/arbimon2/project_2770/detections/10553/47_101.png,1576997160000,,0.2648782839365228,22307
712,168303129,MON_20191222_060700.p44.flac,Miraflores,2019,12,Agelasticus thilius,Alternative Song,19.557006802721087,20.99083900226757,1205.859375,7235.15625,present,https://s3.amazonaws.com/arbimon2/project_2770/detections/10553/47_106.png,1576997400000,,0.2657787618456538,22307
713,168303132,MON_20191222_060700.p45.flac,Miraflores,2019,12,Agelasticus thilius,Alternative Song,17.147936507936507,18.581768707482997,1205.859375,7235.15625,present,https://s3.amazonaws.com/arbimon2/project_2770/detections/10553/47_109.png,1576997460000,,0.2593927952267607,22307
714,168303137,MON_20191222_070000.p2.flac,Miraflores,2019,12,Agelasticus thilius,Alternative Song,53.84126984126984,55.27510204081633,1205.859375,7235.15625,present,https://s3.amazonaws.com/arbimon2/project_2770/detections/10553/47_114.png,1576998060000,,0.2722992956913506,22307
715,168303140,MON_20191222_070000.p1.flac,Miraflores,2019,12,Agelasticus thilius,Alternative Song,49.74294784580499,51.17678004535147,1205.859375,7235.15625,present,https://s3.amazonaws.com/arbimon2/project_2770/detections/10553/47_117.png,1576998000000,,0.2652913368059841,22307
716,168303142,MON_20191222_070000.p4.flac,Miraflores,2019,12,Agelasticus thilius,Alternative Song,26.22113378684807,27.65496598639456,1205.859375,7235.15625,present,https://s3.amazonaws.com/arbimon2/project_2770/detections/10553/47_119.png,1576998180000,,0.3459577438801346,22307
717,168303143,MON_20191222_070000.p5.flac,Miraflores,2019,12,Agelasticus thilius,Alternative Song,6.327437641723356,7.761269841269841,1205.859375,7235.15625,present,https://s3.amazonaws.com/arbimon2/project_2770/detections/10553/47_120.png,1576998240000,,0.3191332457632332,22307
718,168303144,MON_20191222_070000.p5.flac,Miraflores,2019,12,Agelasticus thilius,Alternative Song,38.71927437641723,40.15310657596372,1205.859375,7235.15625,present,https://s3.amazonaws.com/arbimon2/project_2770/detections/10553/47_121.png,1576998240000,,0.2566238830328577,22307
719,168303165,MON_20191222_170000.p5.flac,Miraflores,2019,12,Agelasticus thilius,Alternative Song,16.207528344671204,17.641360544217687,1205.859375,7235.15625,present,https://s3.amazonaws.com/arbimon2/project_2770/detections/10553/47_142.png,1577034240000,,0.3204648168538554,22307
720,168303168,MON_20191222_200700.p8.flac,Miraflores,2019,12,Agelasticus thilius,Alternative Song,26.52299319727891,27.9568253968254,1205.859375,7235.15625,present,https://s3.amazonaws.com/arbimon2/project_2770/detections/10553/47_145.png,1577045640000,,0.2683409762498858,22307
721,168303170,MON_20191222_200700.p7.flac,Miraflores,2019,12,Agelasticus thilius,Alternative Song,31.85197278911565,33.28580498866213,1205.859375,7235.15625,present,https://s3.amazonaws.com/arbimon2/project_2770/detections/10553/47_147.png,1577045580000,,0.3119072262893338,22307
722,168303172,MON_20191222_200700.p12.flac,Miraflores,2019,12,Agelasticus thilius,Alternative Song,13.043809523809523,14.477641723356008,1205.859375,7235.15625,present,https://s3.amazonaws.com/arbimon2/project_2770/detections/10553/47_149.png,1577045880000,,0.2003009870592329,22307
723,168303173,MON_20191222_200700.p14.flac,Miraflores,2019,12,Agelasticus thilius,Alternative Song,28.874013605442176,30.307845804988663,1205.859375,7235.15625,present,https://s3.amazonaws.com/arbimon2/project_2770/detections/10553/47_150.png,1577046000000,,0.3128357982582828,22307
724,168303178,MON_20200109_100000.p2.flac,Miraflores,2020,1,Agelasticus thilius,Alternative Song,3.4481632653061225,4.881995464852608,1205.859375,7235.15625,present,https://s3.amazonaws.com/arbimon2/project_2770/detections/10553/61_0.png,1578564060000,,0.3111944598217481,22307
725,168303179,MON_20200109_110000.p2.flac,Miraflores,2020,1,Agelasticus thilius,Alternative Song,7.279455782312925,8.713287981859411,1205.859375,7235.15625,present,https://s3.amazonaws.com/arbimon2/project_2770/detections/10553/61_1.png,1578567660000,,0.4119660001587132,22307
726,168303196,MON_20200109_200000.p2.flac,Miraflores,2020,1,Agelasticus thilius,Alternative Song,38.829569160997735,40.263401360544215,1205.859375,7235.15625,present,https://s3.amazonaws.com/arbimon2/project_2770/detections/10553/61_18.png,1578600060000,,0.2562850789022565,22307
727,168303199,MON_20200109_200700.p9.flac,Miraflores,2020,1,Agelasticus thilius,Alternative Song,47.75764172335601,49.191473922902496,1205.859375,7235.15625,present,https://s3.amazonaws.com/arbimon2/project_2770/detections/10553/61_21.png,1578600900000,,0.3009997253272679,22307
728,168303206,MON_20200109_200700.p38.flac,Miraflores,2020,1,Agelasticus thilius,Alternative Song,38.21424036281179,39.64807256235828,1205.859375,7235.15625,present,https://s3.amazonaws.com/arbimon2/project_2770/detections/10553/61_28.png,1578602640000,,0.2781407493233437,22307
729,168303208,MON_20200109_200700.p40.flac,Miraflores,2020,1,Agelasticus thilius,Alternative Song,7.63936507936508,9.073197278911564,1205.859375,7235.15625,present,https://s3.amazonaws.com/arbimon2/project_2770/detections/10553/61_30.png,1578602760000,,0.2894083942528178,22307
730,168303209,MON_20200109_200700.p40.flac,Miraflores,2020,1,Agelasticus thilius,Alternative Song,30.11047619047619,31.544308390022675,1205.859375,7235.15625,present,https://s3.amazonaws.com/arbimon2/project_2770/detections/10553/61_31.png,1578602760000,,0.252851652112332,22307
731,168303210,MON_20200109_200700.p41.flac,Miraflores,2020,1,Agelasticus thilius,Alternative Song,10.28063492063492,11.714467120181403,1205.859375,7235.15625,present,https://s3.amazonaws.com/arbimon2/project_2770/detections/10553/61_32.png,1578602820000,,0.3401383808191038,22307
732,168303223,MON_20200110_060000.p1.flac,Miraflores,2020,1,Agelasticus thilius,Alternative Song,36.86167800453515,38.29551020408163,1205.859375,7235.15625,present,https://s3.amazonaws.com/arbimon2/project_2770/detections/10553/61_45.png,1578636000000,,0.2985898514604636,22307
733,168303226,MON_20200110_060000.p2.flac,Miraflores,2020,1,Agelasticus thilius,Alternative Song,21.28108843537415,22.714920634920635,1205.859375,7235.15625,present,https://s3.amazonaws.com/arbimon2/project_2770/detections/10553/61_48.png,1578636060000,,0.3467222375334601,22307
734,168303227,MON_20200110_060000.p2.flac,Miraflores,2020,1,Agelasticus thilius,Alternative Song,43.68834467120181,45.1221768707483,1205.859375,7235.15625,present,https://s3.amazonaws.com/arbimon2/project_2770/detections/10553/61_49.png,1578636060000,,0.280435391776698,22307
735,168303229,MON_20200110_060000.p3.flac,Miraflores,2020,1,Agelasticus thilius,Alternative Song,7.981859410430839,9.415691609977324,1205.859375,7235.15625,present,https://s3.amazonaws.com/arbimon2/project_2770/detections/10553/61_51.png,1578636120000,,0.2766232115566355,22307
736,168303230,MON_20200110_060000.p3.flac,Miraflores,2020,1,Agelasticus thilius,Alternative Song,54.46240362811791,55.8962358276644,1205.859375,7235.15625,present,https://s3.amazonaws.com/arbimon2/project_2770/detections/10553/61_52.png,1578636120000,,0.27000178017143,22307
737,168303232,MON_20200110_060000.p5.flac,Miraflores,2020,1,Agelasticus thilius,Alternative Song,46.35283446712018,47.78666666666667,1205.859375,7235.15625,present,https://s3.amazonaws.com/arbimon2/project_2770/detections/10553/61_54.png,1578636240000,,0.2580803462125997,22307
738,168303238,MON_20200110_060700.p2.flac,Miraflores,2020,1,Agelasticus thilius,Alternative Song,10.042630385487527,11.476462585034014,1205.859375,7235.15625,present,https://s3.amazonaws.com/arbimon2/project_2770/detections/10553/61_60.png,1578636480000,,0.2599814171778896,22307
739,168303246,MON_20200110_060700.p5.flac,Miraflores,2020,1,Agelasticus thilius,Alternative Song,44.64616780045351,46.08,1205.859375,7235.15625,present,https://s3.amazonaws.com/arbimon2/project_2770/detections/10553/61_68.png,1578636660000,,0.2991136349166331,22307
740,168303256,MON_20200110_060700.p9.flac,Miraflores,2020,1,Agelasticus thilius,Alternative Song,17.513650793650793,18.94748299319728,1205.859375,7235.15625,present,https://s3.amazonaws.com/arbimon2/project_2770/detections/10553/61_78.png,1578636900000,,0.2967090766176053,22307
741,168303262,MON_20200110_060700.p12.flac,Miraflores,2020,1,Agelasticus thilius,Alternative Song,34.91120181405896,36.34503401360544,1205.859375,7235.15625,present,https://s3.amazonaws.com/arbimon2/project_2770/detections/10553/61_84.png,1578637080000,,0.2831768004272662,22307
742,168303270,MON_20200110_060700.p20.flac,Miraflores,2020,1,Agelasticus thilius,Alternative Song,41.894603174603176,43.32843537414966,1205.859375,7235.15625,present,https://s3.amazonaws.com/arbimon2/project_2770/detections/10553/61_92.png,1578637560000,,0.2616153664809831,22307
743,168303291,MON_20200110_060700.p51.flac,Miraflores,2020,1,Agelasticus thilius,Alternative Song,0.4527891156462585,1.886621315192744,1205.859375,7235.15625,present,https://s3.amazonaws.com/arbimon2/project_2770/detections/10553/61_113.png,1578639420000,,0.2979726385042293,22307
744,168303294,MON_20200110_080000.p1.flac,Miraflores,2020,1,Agelasticus thilius,Alternative Song,0.6849886621315193,2.1188208616780044,1205.859375,7235.15625,present,https://s3.amazonaws.com/arbimon2/project_2770/detections/10553/61_116.png,1578643200000,,0.2571297063640084,22307
745,168303295,MON_20200110_080000.p3.flac,Miraflores,2020,1,Agelasticus thilius,Alternative Song,13.99002267573696,15.423854875283446,1205.859375,7235.15625,present,https://s3.amazonaws.com/arbimon2/project_2770/detections/10553/61_117.png,1578643320000,,0.2792275182545247,22307
746,168303297,MON_20200110_090000.p2.flac,Miraflores,2020,1,Agelasticus thilius,Alternative Song,4.533696145124717,5.9675283446712015,1205.859375,7235.15625,present,https://s3.amazonaws.com/arbimon2/project_2770/detections/10553/61_119.png,1578646860000,,0.2752459538251028,22307
747,168303300,MON_20200110_090000.p3.flac,Miraflores,2020,1,Agelasticus thilius,Alternative Song,27.805895691609976,29.239727891156463,1205.859375,7235.15625,present,https://s3.amazonaws.com/arbimon2/project_2770/detections/10553/61_122.png,1578646920000,,0.3356576236750159,22307
748,168303307,MON_20200110_180000.p4.flac,Miraflores,2020,1,Agelasticus thilius,Alternative Song,2.589024943310658,4.022857142857143,1205.859375,7235.15625,present,https://s3.amazonaws.com/arbimon2/project_2770/detections/10553/61_129.png,1578679380000,,0.2885525169683923,22307
749,168303310,MON_20200110_200700.p4.flac,Miraflores,2020,1,Agelasticus thilius,Alternative Song,21.35655328798186,22.790385487528344,1205.859375,7235.15625,present,https://s3.amazonaws.com/arbimon2/project_2770/detections/10553/61_132.png,1578687000000,,0.3164754373161279,22307
750,168303311,MON_20191210_200700.p1.flac,Miraflores,2019,12,Agelasticus thilius,Alternative Song,40.80907029478458,42.24290249433106,1205.859375,7235.15625,present,https://s3.amazonaws.com/arbimon2/project_2770/detections/10553/39_0.png,1576008420000,,0.3356126397568857,22307
751,168303312,MON_20191210_200700.p2.flac,Miraflores,2019,12,Agelasticus thilius,Alternative Song,20.543854875283447,21.97768707482993,1205.859375,7235.15625,present,https://s3.amazonaws.com/arbimon2/project_2770/detections/10553/39_1.png,1576008480000,,0.3740691362489518,22307
752,168303314,MON_20191210_200700.p14.flac,Miraflores,2019,12,Agelasticus thilius,Alternative Song,14.657596371882086,16.091428571428573,1205.859375,7235.15625,present,https://s3.amazonaws.com/arbimon2/project_2770/detections/10553/39_3.png,1576009200000,,0.2599711571734894,22307
753,168303324,MON_20191210_200700.p23.flac,Miraflores,2019,12,Agelasticus thilius,Alternative Song,38.35356009070295,39.78739229024944,1205.859375,7235.15625,present,https://s3.amazonaws.com/arbimon2/project_2770/detections/10553/39_13.png,1576009740000,,0.3381367860977209,22307
754,168303331,MON_20191210_200700.p30.flac,Miraflores,2019,12,Agelasticus thilius,Alternative Song,28.821768707482992,30.25560090702948,1205.859375,7235.15625,present,https://s3.amazonaws.com/arbimon2/project_2770/detections/10553/39_20.png,1576010160000,,0.3297030246229307,22307
755,168303335,MON_20191210_200700.p37.flac,Miraflores,2019,12,Agelasticus thilius,Alternative Song,41.67401360544218,43.10784580498866,1205.859375,7235.15625,present,https://s3.amazonaws.com/arbimon2/project_2770/detections/10553/39_24.png,1576010580000,,0.253478760593684,22307
756,168303337,MON_20191210_200700.p42.flac,Miraflores,2019,12,Agelasticus thilius,Alternative Song,44.419773242630384,45.85360544217687,1205.859375,7235.15625,present,https://s3.amazonaws.com/arbimon2/project_2770/detections/10553/39_26.png,1576010880000,,0.3089437230242434,22307
757,168303338,MON_20191210_200700.p42.flac,Miraflores,2019,12,Agelasticus thilius,Alternative Song,12.904489795918368,14.338321995464852,1205.859375,7235.15625,present,https://s3.amazonaws.com/arbimon2/project_2770/detections/10553/39_27.png,1576010880000,,0.3038624242055155,22307
758,168303339,MON_20191210_200700.p42.flac,Miraflores,2019,12,Agelasticus thilius,Alternative Song,26.488163265306124,27.921995464852607,1205.859375,7235.15625,present,https://s3.amazonaws.com/arbimon2/project_2770/detections/10553/39_28.png,1576010880000,,0.2678816397869125,22307
759,168303340,MON_20191210_200700.p43.flac,Miraflores,2019,12,Agelasticus thilius,Alternative Song,14.930430839002268,16.364263038548753,1205.859375,7235.15625,present,https://s3.amazonaws.com/arbimon2/project_2770/detections/10553/39_29.png,1576010940000,,0.3528503955107118,22307
760,168303343,MON_20191210_200700.p44.flac,Miraflores,2019,12,Agelasticus thilius,Alternative Song,8.533333333333333,9.967165532879818,1205.859375,7235.15625,present,https://s3.amazonaws.com/arbimon2/project_2770/detections/10553/39_32.png,1576011000000,,0.272786660451334,22307
761,168303347,MON_20191210_200700.p45.flac,Miraflores,2019,12,Agelasticus thilius,Alternative Song,15.841814058956915,17.2756462585034,1205.859375,7235.15625,present,https://s3.amazonaws.com/arbimon2/project_2770/detections/10553/39_36.png,1576011060000,,0.3889931450816273,22307
762,168303348,MON_20191210_200700.p45.flac,Miraflores,2019,12,Agelasticus thilius,Alternative Song,10.84952380952381,12.283356009070294,1205.859375,7235.15625,present,https://s3.amazonaws.com/arbimon2/project_2770/detections/10553/39_37.png,1576011060000,,0.3492906420641026,22307
763,168303350,MON_20191210_200700.p50.flac,Miraflores,2019,12,Agelasticus thilius,Alternative Song,43.25877551020408,44.69260770975057,1205.859375,7235.15625,present,https://s3.amazonaws.com/arbimon2/project_2770/detections/10553/39_39.png,1576011360000,,0.2584442303728908,22307
764,168303352,MON_20191210_210000.p4.flac,Miraflores,2019,12,Agelasticus thilius,Alternative Song,18.45986394557823,19.89369614512472,1205.859375,7235.15625,present,https://s3.amazonaws.com/arbimon2/project_2770/detections/10553/39_41.png,1576011780000,,0.2579167373010811,22307
765,168303363,MON_20191211_170000.p5.flac,Miraflores,2019,12,Agelasticus thilius,Alternative Song,47.589297052154194,49.02312925170068,1205.859375,7235.15625,present,https://s3.amazonaws.com/arbimon2/project_2770/detections/10553/39_52.png,1576083840000,,0.2598824696114953,22307
766,168303371,MON_20191211_200700.p3.flac,Miraflores,2019,12,Agelasticus thilius,Alternative Song,39.909297052154194,41.34312925170068,1205.859375,7235.15625,present,https://s3.amazonaws.com/arbimon2/project_2770/detections/10553/39_60.png,1576094940000,,0.2809230420667158,22307
767,168303373,MON_20191211_200700.p4.flac,Miraflores,2019,12,Agelasticus thilius,Alternative Song,43.95537414965986,45.38920634920635,1205.859375,7235.15625,present,https://s3.amazonaws.com/arbimon2/project_2770/detections/10553/39_62.png,1576095000000,,0.2615148788524537,22307
768,168303377,MON_20191211_200700.p25.flac,Miraflores,2019,12,Agelasticus thilius,Alternative Song,1.8517913832199544,3.28562358276644,1205.859375,7235.15625,present,https://s3.amazonaws.com/arbimon2/project_2770/detections/10553/39_66.png,1576096260000,,0.2742424364937988,22307
769,168303381,MON_20191205_060700.p40.flac,Miraflores,2019,12,Agelasticus thilius,Alternative Song,52.33777777777778,53.77160997732426,1205.859375,7235.15625,present,https://s3.amazonaws.com/arbimon2/project_2770/detections/10553/35_0.png,1575528360000,,0.2796238128403216,22307
770,168303382,MON_20191205_060700.p41.flac,Miraflores,2019,12,Agelasticus thilius,Alternative Song,29.048163265306123,30.48199546485261,1205.859375,7235.15625,present,https://s3.amazonaws.com/arbimon2/project_2770/detections/10553/35_1.png,1575528420000,,0.2797252762754684,22307
771,168303384,MON_20191205_060700.p43.flac,Miraflores,2019,12,Agelasticus thilius,Alternative Song,35.48009070294785,36.91392290249433,1205.859375,7235.15625,present,https://s3.amazonaws.com/arbimon2/project_2770/detections/10553/35_3.png,1575528540000,,0.3327403925680702,22307
772,168303385,MON_20191205_060700.p43.flac,Miraflores,2019,12,Agelasticus thilius,Alternative Song,9.369251700680271,10.803083900226758,1205.859375,7235.15625,present,https://s3.amazonaws.com/arbimon2/project_2770/detections/10553/35_4.png,1575528540000,,0.3135451946072704,22307
773,168303386,MON_20191205_060700.p43.flac,Miraflores,2019,12,Agelasticus thilius,Alternative Song,54.572698412698415,56.006530612244894,1205.859375,7235.15625,present,https://s3.amazonaws.com/arbimon2/project_2770/detections/10553/35_5.png,1575528540000,,0.2663381781005758,22307
774,168303387,MON_20191205_060700.p45.flac,Miraflores,2019,12,Agelasticus thilius,Alternative Song,20.01560090702948,21.449433106575963,1205.859375,7235.15625,present,https://s3.amazonaws.com/arbimon2/project_2770/detections/10553/35_6.png,1575528660000,,0.3617295885810985,22307
775,168303390,MON_20191205_060700.p47.flac,Miraflores,2019,12,Agelasticus thilius,Alternative Song,3.831292517006802,5.265124716553288,1205.859375,7235.15625,present,https://s3.amazonaws.com/arbimon2/project_2770/detections/10553/35_9.png,1575528780000,,0.3033266912979805,22307
776,168303391,MON_20191205_060700.p47.flac,Miraflores,2019,12,Agelasticus thilius,Alternative Song,22.482721088435373,23.91655328798186,1205.859375,7235.15625,present,https://s3.amazonaws.com/arbimon2/project_2770/detections/10553/35_10.png,1575528780000,,0.2537084457870412,22307
777,168303392,MON_20191205_060700.p51.flac,Miraflores,2019,12,Agelasticus thilius,Alternative Song,16.31201814058957,17.745850340136055,1205.859375,7235.15625,present,https://s3.amazonaws.com/arbimon2/project_2770/detections/10553/35_11.png,1575529020000,,0.3248007966238908,22307
778,168303396,MON_20191205_080000.p1.flac,Miraflores,2019,12,Agelasticus thilius,Alternative Song,6.292607709750567,7.726439909297052,1205.859375,7235.15625,present,https://s3.amazonaws.com/arbimon2/project_2770/detections/10553/35_15.png,1575532800000,,0.27836980495733,22307
779,168303398,MON_20191205_080000.p3.flac,Miraflores,2019,12,Agelasticus thilius,Alternative Song,55.06031746031746,56.49414965986394,1205.859375,7235.15625,present,https://s3.amazonaws.com/arbimon2/project_2770/detections/10553/35_17.png,1575532920000,,0.3306253296285503,22307
780,168303403,MON_20191205_130000.p5.flac,Miraflores,2019,12,Agelasticus thilius,Alternative Song,30.923174603174605,32.35700680272109,1205.859375,7235.15625,present,https://s3.amazonaws.com/arbimon2/project_2770/detections/10553/35_22.png,1575551040000,,0.3660542848490654,22307
781,168303404,MON_20191205_130000.p5.flac,Miraflores,2019,12,Agelasticus thilius,Alternative Song,8.428843537414966,9.862675736961451,1205.859375,7235.15625,present,https://s3.amazonaws.com/arbimon2/project_2770/detections/10553/35_23.png,1575551040000,,0.3024675499815383,22307
782,168303405,MON_20191205_130000.p5.flac,Miraflores,2019,12,Agelasticus thilius,Alternative Song,49.20308390022676,50.636916099773245,1205.859375,7235.15625,present,https://s3.amazonaws.com/arbimon2/project_2770/detections/10553/35_24.png,1575551040000,,0.294598576376914,22307
783,168303407,MON_20191205_130000.p4.flac,Miraflores,2019,12,Agelasticus thilius,Alternative Song,41.77269841269841,43.2065306122449,1205.859375,7235.15625,present,https://s3.amazonaws.com/arbimon2/project_2770/detections/10553/35_26.png,1575550980000,,0.2796236338827961,22307
784,168303409,MON_20191205_140000.p5.flac,Miraflores,2019,12,Agelasticus thilius,Alternative Song,27.35310657596372,28.786938775510205,1205.859375,7235.15625,present,https://s3.amazonaws.com/arbimon2/project_2770/detections/10553/35_28.png,1575554640000,,0.3143665746847641,22307
785,168303425,MON_20191205_180000.p1.flac,Miraflores,2019,12,Agelasticus thilius,Alternative Song,2.9257142857142857,4.359546485260771,1205.859375,7235.15625,present,https://s3.amazonaws.com/arbimon2/project_2770/detections/10553/35_44.png,1575568800000,,0.3522728122918854,22307
786,168303427,MON_20191205_180000.p4.flac,Miraflores,2019,12,Agelasticus thilius,Alternative Song,32.93750566893424,34.37133786848072,1205.859375,7235.15625,present,https://s3.amazonaws.com/arbimon2/project_2770/detections/10553/35_46.png,1575568980000,,0.398165027642525,22307
787,168303434,MON_20191205_200700.p14.flac,Miraflores,2019,12,Agelasticus thilius,Alternative Song,57.67836734693878,59.11219954648526,1205.859375,7235.15625,present,https://s3.amazonaws.com/arbimon2/project_2770/detections/10553/35_53.png,1575577200000,,0.2739931528964613,22307
788,168303435,MON_20191205_200700.p19.flac,Miraflores,2019,12,Agelasticus thilius,Alternative Song,45.48789115646259,46.92172335600907,1205.859375,7235.15625,present,https://s3.amazonaws.com/arbimon2/project_2770/detections/10553/35_54.png,1575577500000,,0.2926153538790857,22307
789,168303440,MON_20191205_200700.p20.flac,Miraflores,2019,12,Agelasticus thilius,Alternative Song,12.625850340136054,14.05968253968254,1205.859375,7235.15625,present,https://s3.amazonaws.com/arbimon2/project_2770/detections/10553/35_59.png,1575577560000,,0.3876241568330838,22307
790,168303441,MON_20191205_200700.p20.flac,Miraflores,2019,12,Agelasticus thilius,Alternative Song,39.96154195011338,41.395374149659865,1205.859375,7235.15625,present,https://s3.amazonaws.com/arbimon2/project_2770/detections/10553/35_60.png,1575577560000,,0.3114206071875829,22307
791,168303442,MON_20191205_200700.p22.flac,Miraflores,2019,12,Agelasticus thilius,Alternative Song,16.962176870748298,18.396009070294784,1205.859375,7235.15625,present,https://s3.amazonaws.com/arbimon2/project_2770/detections/10553/35_61.png,1575577680000,,0.3212444051248381,22307
792,168303444,MON_20191205_200700.p23.flac,Miraflores,2019,12,Agelasticus thilius,Alternative Song,30.209160997732425,31.642993197278912,1205.859375,7235.15625,present,https://s3.amazonaws.com/arbimon2/project_2770/detections/10553/35_63.png,1575577740000,,0.3244900868872582,22307
793,168303445,MON_20191205_200700.p21.flac,Miraflores,2019,12,Agelasticus thilius,Alternative Song,0.301859410430839,1.7356916099773243,1205.859375,7235.15625,present,https://s3.amazonaws.com/arbimon2/project_2770/detections/10553/35_64.png,1575577620000,,0.3175581666965311,22307
794,168303446,MON_20191205_200700.p21.flac,Miraflores,2019,12,Agelasticus thilius,Alternative Song,39.91510204081633,41.34893424036281,1205.859375,7235.15625,present,https://s3.amazonaws.com/arbimon2/project_2770/detections/10553/35_65.png,1575577620000,,0.2880816545009786,22307
795,168303447,MON_20191205_200700.p21.flac,Miraflores,2019,12,Agelasticus thilius,Alternative Song,17.745850340136055,19.17968253968254,1205.859375,7235.15625,present,https://s3.amazonaws.com/arbimon2/project_2770/detections/10553/35_66.png,1575577620000,,0.2831074795372668,22307
796,168303448,MON_20191205_200700.p25.flac,Miraflores,2019,12,Agelasticus thilius,Alternative Song,17.316281179138322,18.75011337868481,1205.859375,7235.15625,present,https://s3.amazonaws.com/arbimon2/project_2770/detections/10553/35_67.png,1575577860000,,0.352798678228113,22307
797,168303449,MON_20191205_200700.p24.flac,Miraflores,2019,12,Agelasticus thilius,Alternative Song,21.1243537414966,22.558185941043085,1205.859375,7235.15625,present,https://s3.amazonaws.com/arbimon2/project_2770/detections/10553/35_68.png,1575577800000,,0.4162502253814822,22307
798,168303450,MON_20191205_200700.p24.flac,Miraflores,2019,12,Agelasticus thilius,Alternative Song,45.00027210884354,46.434104308390026,1205.859375,7235.15625,present,https://s3.amazonaws.com/arbimon2/project_2770/detections/10553/35_69.png,1575577800000,,0.3632308681459819,22307
799,168303452,MON_20191205_200700.p28.flac,Miraflores,2019,12,Agelasticus thilius,Alternative Song,35.54975056689342,36.98358276643991,1205.859375,7235.15625,present,https://s3.amazonaws.com/arbimon2/project_2770/detections/10553/35_71.png,1575578040000,,0.2808015982908,22307
800,168303454,MON_20191205_200700.p27.flac,Miraflores,2019,12,Agelasticus thilius,Alternative Song,0.3889342403628117,1.822766439909297,1205.859375,7235.15625,present,https://s3.amazonaws.com/arbimon2/project_2770/detections/10553/35_73.png,1575577980000,,0.3161765947674374,22307
801,168303456,MON_20191205_200700.p26.flac,Miraflores,2019,12,Agelasticus thilius,Alternative Song,0.4992290249433107,1.933061224489796,1205.859375,7235.15625,present,https://s3.amazonaws.com/arbimon2/project_2770/detections/10553/35_75.png,1575577920000,,0.3702162967684407,22307
802,168303457,MON_20191205_200700.p26.flac,Miraflores,2019,12,Agelasticus thilius,Alternative Song,35.14920634920635,36.58303854875283,1205.859375,7235.15625,present,https://s3.amazonaws.com/arbimon2/project_2770/detections/10553/35_76.png,1575577920000,,0.2661746280326474,22307
803,168303458,MON_20191205_200700.p29.flac,Miraflores,2019,12,Agelasticus thilius,Alternative Song,41.03546485260771,42.4692970521542,1205.859375,7235.15625,present,https://s3.amazonaws.com/arbimon2/project_2770/detections/10553/35_77.png,1575578100000,,0.3930814262400459,22307
804,168303460,MON_20191205_200700.p32.flac,Miraflores,2019,12,Agelasticus thilius,Alternative Song,33.86049886621315,35.29433106575964,1205.859375,7235.15625,present,https://s3.amazonaws.com/arbimon2/project_2770/detections/10553/35_79.png,1575578280000,,0.3393470513690569,22307
805,168303462,MON_20191205_200700.p33.flac,Miraflores,2019,12,Agelasticus thilius,Alternative Song,34.40616780045352,35.84,1205.859375,7235.15625,present,https://s3.amazonaws.com/arbimon2/project_2770/detections/10553/35_81.png,1575578340000,,0.3444649471859844,22307
806,168303463,MON_20191205_200700.p34.flac,Miraflores,2019,12,Agelasticus thilius,Alternative Song,15.632834467120182,17.066666666666666,1205.859375,7235.15625,present,https://s3.amazonaws.com/arbimon2/project_2770/detections/10553/35_82.png,1575578400000,,0.3893669732947692,22307
807,168303464,MON_20191205_200700.p34.flac,Miraflores,2019,12,Agelasticus thilius,Alternative Song,51.79210884353741,53.2259410430839,1205.859375,7235.15625,present,https://s3.amazonaws.com/arbimon2/project_2770/detections/10553/35_83.png,1575578400000,,0.32079410500912,22307
808,168303473,MON_20191205_210000.p5.flac,Miraflores,2019,12,Agelasticus thilius,Alternative Song,4.080907029478458,5.514739229024944,1205.859375,7235.15625,present,https://s3.amazonaws.com/arbimon2/project_2770/detections/10553/35_92.png,1575579840000,,0.3065287299620506,22307
809,168303474,MON_20191206_060000.p2.flac,Miraflores,2019,12,Agelasticus thilius,Alternative Song,18.117369614512477,19.55120181405896,1205.859375,7235.15625,present,https://s3.amazonaws.com/arbimon2/project_2770/detections/10553/35_93.png,1575612060000,,0.3519474155838106,22307
810,168303475,MON_20191206_060000.p2.flac,Miraflores,2019,12,Agelasticus thilius,Alternative Song,55.08934240362812,56.5231746031746,1205.859375,7235.15625,present,https://s3.amazonaws.com/arbimon2/project_2770/detections/10553/35_94.png,1575612060000,,0.278960741092941,22307
811,168303477,MON_20191206_060000.p1.flac,Miraflores,2019,12,Agelasticus thilius,Alternative Song,21.07210884353741,22.5059410430839,1205.859375,7235.15625,present,https://s3.amazonaws.com/arbimon2/project_2770/detections/10553/35_96.png,1575612000000,,0.3233127193924444,22307
812,168303478,MON_20191206_060000.p1.flac,Miraflores,2019,12,Agelasticus thilius,Alternative Song,53.85868480725624,55.29251700680272,1205.859375,7235.15625,present,https://s3.amazonaws.com/arbimon2/project_2770/detections/10553/35_97.png,1575612000000,,0.2604600389584025,22307
813,168303479,MON_20191206_060000.p4.flac,Miraflores,2019,12,Agelasticus thilius,Alternative Song,54.3869387755102,55.82077097505669,1205.859375,7235.15625,present,https://s3.amazonaws.com/arbimon2/project_2770/detections/10553/35_98.png,1575612180000,,0.2637565226933487,22307
814,168303487,MON_20191206_060700.p5.flac,Miraflores,2019,12,Agelasticus thilius,Alternative Song,49.400453514739226,50.83428571428571,1205.859375,7235.15625,present,https://s3.amazonaws.com/arbimon2/project_2770/detections/10553/35_106.png,1575612660000,,0.4047163527660751,22307
815,168303489,MON_20191206_060700.p11.flac,Miraflores,2019,12,Agelasticus thilius,Alternative Song,42.86403628117914,44.297868480725626,1205.859375,7235.15625,present,https://s3.amazonaws.com/arbimon2/project_2770/detections/10553/35_108.png,1575613020000,,0.283539956223803,22307
816,168303496,MON_20191206_060700.p42.flac,Miraflores,2019,12,Agelasticus thilius,Alternative Song,28.897233560090704,30.331065759637188,1205.859375,7235.15625,present,https://s3.amazonaws.com/arbimon2/project_2770/detections/10553/35_115.png,1575614880000,,0.3258069982611155,22307
817,168303497,MON_20191206_060700.p39.flac,Miraflores,2019,12,Agelasticus thilius,Alternative Song,50.079637188208615,51.5134693877551,1205.859375,7235.15625,present,https://s3.amazonaws.com/arbimon2/project_2770/detections/10553/35_116.png,1575614700000,,0.2604260368488313,22307
818,168303501,MON_20191206_090000.p2.flac,Miraflores,2019,12,Agelasticus thilius,Alternative Song,30.273015873015872,31.70684807256236,1205.859375,7235.15625,present,https://s3.amazonaws.com/arbimon2/project_2770/detections/10553/35_120.png,1575622860000,,0.3649082516882344,22307
819,168303504,MON_20191206_090000.p3.flac,Miraflores,2019,12,Agelasticus thilius,Alternative Song,49.36562358276644,50.799455782312926,1205.859375,7235.15625,present,https://s3.amazonaws.com/arbimon2/project_2770/detections/10553/35_123.png,1575622920000,,0.3470629782767018,22307
820,168303508,MON_20191206_100000.p2.flac,Miraflores,2019,12,Agelasticus thilius,Alternative Song,52.215873015873015,53.6497052154195,1205.859375,7235.15625,present,https://s3.amazonaws.com/arbimon2/project_2770/detections/10553/35_127.png,1575626460000,,0.3014429470434007,22307
821,168303509,MON_20191206_100000.p5.flac,Miraflores,2019,12,Agelasticus thilius,Alternative Song,51.374149659863946,52.80798185941043,1205.859375,7235.15625,present,https://s3.amazonaws.com/arbimon2/project_2770/detections/10553/35_128.png,1575626640000,,0.3143788547533077,22307
822,168303513,MON_20191206_110000.p4.flac,Miraflores,2019,12,Agelasticus thilius,Alternative Song,56.78439909297053,58.21823129251701,1205.859375,7235.15625,present,https://s3.amazonaws.com/arbimon2/project_2770/detections/10553/35_132.png,1575630180000,,0.2945987326370649,22307
823,168303514,MON_20191206_120000.p1.flac,Miraflores,2019,12,Agelasticus thilius,Alternative Song,48.32072562358277,49.75455782312925,1205.859375,7235.15625,present,https://s3.amazonaws.com/arbimon2/project_2770/detections/10553/35_133.png,1575633600000,,0.3792624842799743,22307
824,168303515,MON_20191206_120000.p4.flac,Miraflores,2019,12,Agelasticus thilius,Alternative Song,20.09687074829932,21.530702947845803,1205.859375,7235.15625,present,https://s3.amazonaws.com/arbimon2/project_2770/detections/10553/35_134.png,1575633780000,,0.3102456945466015,22307
825,168303516,MON_20191206_120000.p3.flac,Miraflores,2019,12,Agelasticus thilius,Alternative Song,7.244625850340136,8.678458049886622,1205.859375,7235.15625,present,https://s3.amazonaws.com/arbimon2/project_2770/detections/10553/35_135.png,1575633720000,,0.299488964920058,22307
826,168303519,MON_20191206_180000.p4.flac,Miraflores,2019,12,Agelasticus thilius,Alternative Song,17.252426303854875,18.68625850340136,1205.859375,7235.15625,present,https://s3.amazonaws.com/arbimon2/project_2770/detections/10553/35_138.png,1575655380000,,0.2762606478321218,22307
827,168303523,MON_20191130_060000.p2.flac,Miraflores,2019,11,Agelasticus thilius,Alternative Song,40.49560090702948,41.92943310657597,1205.859375,7235.15625,present,https://s3.amazonaws.com/arbimon2/project_2770/detections/10553/31_3.png,1575093660000,,0.3158212565941716,22307
828,168303524,MON_20191130_060000.p3.flac,Miraflores,2019,11,Agelasticus thilius,Alternative Song,41.33732426303855,42.77115646258503,1205.859375,7235.15625,present,https://s3.amazonaws.com/arbimon2/project_2770/detections/10553/31_4.png,1575093720000,,0.2716276550340613,22307
829,168303526,MON_20191130_060700.p19.flac,Miraflores,2019,11,Agelasticus thilius,Alternative Song,53.09242630385488,54.52625850340136,1205.859375,7235.15625,present,https://s3.amazonaws.com/arbimon2/project_2770/detections/10553/31_6.png,1575095100000,,0.3451896614341877,22307
830,168303531,MON_20191130_060700.p34.flac,Miraflores,2019,11,Agelasticus thilius,Alternative Song,2.8908843537414968,4.324716553287982,1205.859375,7235.15625,present,https://s3.amazonaws.com/arbimon2/project_2770/detections/10553/31_11.png,1575096000000,,0.3652661075260841,22307
831,168303538,MON_20191130_060700.p45.flac,Miraflores,2019,11,Agelasticus thilius,Alternative Song,40.03120181405896,41.46503401360544,1205.859375,7235.15625,present,https://s3.amazonaws.com/arbimon2/project_2770/detections/10553/31_18.png,1575096660000,,0.2550989624680378,22307
832,168303545,MON_20191130_070000.p3.flac,Miraflores,2019,11,Agelasticus thilius,Alternative Song,11.935056689342405,13.36888888888889,1205.859375,7235.15625,present,https://s3.amazonaws.com/arbimon2/project_2770/detections/10553/31_25.png,1575097320000,,0.2957335876097359,22307
833,168303553,MON_20191130_100000.p1.flac,Miraflores,2019,11,Agelasticus thilius,Alternative Song,5.050340136054421,6.484172335600907,1205.859375,7235.15625,present,https://s3.amazonaws.com/arbimon2/project_2770/detections/10553/31_33.png,1575108000000,,0.4440062021403366,22307
834,168303562,MON_20191130_130000.p2.flac,Miraflores,2019,11,Agelasticus thilius,Alternative Song,7.053061224489796,8.486893424036282,1205.859375,7235.15625,present,https://s3.amazonaws.com/arbimon2/project_2770/detections/10553/31_42.png,1575118860000,,0.4011634138144794,22307
835,168303563,MON_20191130_130000.p2.flac,Miraflores,2019,11,Agelasticus thilius,Alternative Song,33.73859410430839,35.17242630385488,1205.859375,7235.15625,present,https://s3.amazonaws.com/arbimon2/project_2770/detections/10553/31_43.png,1575118860000,,0.3884613808187326,22307
836,168303564,MON_20191130_130000.p5.flac,Miraflores,2019,11,Agelasticus thilius,Alternative Song,20.340680272108845,21.774512471655328,1205.859375,7235.15625,present,https://s3.amazonaws.com/arbimon2/project_2770/detections/10553/31_44.png,1575119040000,,0.4777734111296715,22307
837,168303570,MON_20191130_130000.p3.flac,Miraflores,2019,11,Agelasticus thilius,Alternative Song,43.86249433106576,45.29632653061225,1205.859375,7235.15625,present,https://s3.amazonaws.com/arbimon2/project_2770/detections/10553/31_50.png,1575118920000,,0.487711544185621,22307
838,168303609,MON_20191130_200700.p7.flac,Miraflores,2019,11,Agelasticus thilius,Alternative Song,36.98938775510205,38.42321995464852,1205.859375,7235.15625,present,https://s3.amazonaws.com/arbimon2/project_2770/detections/10553/31_89.png,1575144780000,,0.3218816818141675,22307
839,168303610,MON_20191130_200700.p7.flac,Miraflores,2019,11,Agelasticus thilius,Alternative Song,54.63655328798186,56.07038548752834,1205.859375,7235.15625,present,https://s3.amazonaws.com/arbimon2/project_2770/detections/10553/31_90.png,1575144780000,,0.2784690586817377,22307
840,168303613,MON_20191130_200700.p10.flac,Miraflores,2019,11,Agelasticus thilius,Alternative Song,31.341133786848072,32.774965986394555,1205.859375,7235.15625,present,https://s3.amazonaws.com/arbimon2/project_2770/detections/10553/31_93.png,1575144960000,,0.3639230139644721,22307
841,168303614,MON_20191130_200700.p12.flac,Miraflores,2019,11,Agelasticus thilius,Alternative Song,57.8118820861678,59.245714285714286,1205.859375,7235.15625,present,https://s3.amazonaws.com/arbimon2/project_2770/detections/10553/31_94.png,1575145080000,,0.3654815406518711,22307
842,168303615,MON_20191130_200700.p12.flac,Miraflores,2019,11,Agelasticus thilius,Alternative Song,45.96390022675737,47.397732426303854,1205.859375,7235.15625,present,https://s3.amazonaws.com/arbimon2/project_2770/detections/10553/31_95.png,1575145080000,,0.3482905949138033,22307
843,168303616,MON_20191130_200700.p12.flac,Miraflores,2019,11,Agelasticus thilius,Alternative Song,30.249795918367347,31.683628117913837,1205.859375,7235.15625,present,https://s3.amazonaws.com/arbimon2/project_2770/detections/10553/31_96.png,1575145080000,,0.3148447762326844,22307
844,168303617,MON_20191130_200700.p13.flac,Miraflores,2019,11,Agelasticus thilius,Alternative Song,34.76607709750567,36.19990929705215,1205.859375,7235.15625,present,https://s3.amazonaws.com/arbimon2/project_2770/detections/10553/31_97.png,1575145140000,,0.2983031027192782,22307
845,168303619,MON_20191130_200700.p14.flac,Miraflores,2019,11,Agelasticus thilius,Alternative Song,39.3578231292517,40.791655328798186,1205.859375,7235.15625,present,https://s3.amazonaws.com/arbimon2/project_2770/detections/10553/31_99.png,1575145200000,,0.3673986723005847,22307
846,168303620,MON_20191130_200700.p14.flac,Miraflores,2019,11,Agelasticus thilius,Alternative Song,0.4179591836734694,1.8517913832199544,1205.859375,7235.15625,present,https://s3.amazonaws.com/arbimon2/project_2770/detections/10553/31_100.png,1575145200000,,0.2614600848860837,22307
847,168303622,MON_20191130_200700.p16.flac,Miraflores,2019,11,Agelasticus thilius,Alternative Song,33.88952380952381,35.323356009070295,1205.859375,7235.15625,present,https://s3.amazonaws.com/arbimon2/project_2770/detections/10553/31_102.png,1575145320000,,0.3581072882491505,22307
848,168303623,MON_20191130_200700.p20.flac,Miraflores,2019,11,Agelasticus thilius,Alternative Song,32.70530612244898,34.13913832199547,1205.859375,7235.15625,present,https://s3.amazonaws.com/arbimon2/project_2770/detections/10553/31_103.png,1575145560000,,0.3343755827397452,22307
849,168303626,MON_20191130_200700.p18.flac,Miraflores,2019,11,Agelasticus thilius,Alternative Song,2.252335600907029,3.6861678004535143,1205.859375,7235.15625,present,https://s3.amazonaws.com/arbimon2/project_2770/detections/10553/31_106.png,1575145440000,,0.2937062862903771,22307
850,168303634,MON_20191130_200700.p27.flac,Miraflores,2019,11,Agelasticus thilius,Alternative Song,9.491156462585034,10.924988662131518,1205.859375,7235.15625,present,https://s3.amazonaws.com/arbimon2/project_2770/detections/10553/31_114.png,1575145980000,,0.2834743105981162,22307
851,168303635,MON_20191130_200700.p30.flac,Miraflores,2019,11,Agelasticus thilius,Alternative Song,28.12517006802721,29.559002267573696,1205.859375,7235.15625,present,https://s3.amazonaws.com/arbimon2/project_2770/detections/10553/31_115.png,1575146160000,,0.3142951410562216,22307
852,168303636,MON_20191130_200700.p31.flac,Miraflores,2019,11,Agelasticus thilius,Alternative Song,44.65777777777778,46.09160997732426,1205.859375,7235.15625,present,https://s3.amazonaws.com/arbimon2/project_2770/detections/10553/31_116.png,1575146220000,,0.3921142715283858,22307
853,168303637,MON_20191130_200700.p31.flac,Miraflores,2019,11,Agelasticus thilius,Alternative Song,18.581768707482997,20.01560090702948,1205.859375,7235.15625,present,https://s3.amazonaws.com/arbimon2/project_2770/detections/10553/31_117.png,1575146220000,,0.3507006603838958,22307
854,168303638,MON_20191130_200700.p32.flac,Miraflores,2019,11,Agelasticus thilius,Alternative Song,25.73931972789116,27.17315192743764,1205.859375,7235.15625,present,https://s3.amazonaws.com/arbimon2/project_2770/detections/10553/31_118.png,1575146280000,,0.4064867798561844,22307
855,168303639,MON_20191130_200700.p32.flac,Miraflores,2019,11,Agelasticus thilius,Alternative Song,51.37995464852608,52.81378684807256,1205.859375,7235.15625,present,https://s3.amazonaws.com/arbimon2/project_2770/detections/10553/31_119.png,1575146280000,,0.3568622578797381,22307
856,168303641,MON_20191130_200700.p33.flac,Miraflores,2019,11,Agelasticus thilius,Alternative Song,43.60126984126984,45.03510204081633,1205.859375,7235.15625,present,https://s3.amazonaws.com/arbimon2/project_2770/detections/10553/31_121.png,1575146340000,,0.303843437139556,22307
857,168303642,MON_20191130_200700.p33.flac,Miraflores,2019,11,Agelasticus thilius,Alternative Song,15.940498866213153,17.374331065759637,1205.859375,7235.15625,present,https://s3.amazonaws.com/arbimon2/project_2770/detections/10553/31_122.png,1575146340000,,0.2739396213886936,22307
858,168303644,MON_20191130_200700.p35.flac,Miraflores,2019,11,Agelasticus thilius,Alternative Song,56.99337868480725,58.42721088435374,1205.859375,7235.15625,present,https://s3.amazonaws.com/arbimon2/project_2770/detections/10553/31_124.png,1575146460000,,0.4399635334053648,22307
859,168303645,MON_20191130_200700.p35.flac,Miraflores,2019,11,Agelasticus thilius,Alternative Song,9.47374149659864,10.907573696145125,1205.859375,7235.15625,present,https://s3.amazonaws.com/arbimon2/project_2770/detections/10553/31_125.png,1575146460000,,0.2641736107552011,22307
860,168303646,MON_20191130_200700.p34.flac,Miraflores,2019,11,Agelasticus thilius,Alternative Song,23.53342403628118,24.967256235827666,1205.859375,7235.15625,present,https://s3.amazonaws.com/arbimon2/project_2770/detections/10553/31_126.png,1575146400000,,0.3026801305597686,22307
861,168303647,MON_20191130_200700.p36.flac,Miraflores,2019,11,Agelasticus thilius,Alternative Song,30.76643990929705,32.200272108843535,1205.859375,7235.15625,present,https://s3.amazonaws.com/arbimon2/project_2770/detections/10553/31_127.png,1575146520000,,0.4038038440097669,22307
862,168303653,MON_20191201_060700.p16.flac,Miraflores,2019,12,Agelasticus thilius,Alternative Song,35.11437641723356,36.548208616780045,1205.859375,7235.15625,present,https://s3.amazonaws.com/arbimon2/project_2770/detections/10553/31_133.png,1575181320000,,0.2602569976704074,22307
863,168303655,MON_20191201_060700.p17.flac,Miraflores,2019,12,Agelasticus thilius,Alternative Song,18.889433106575964,20.323265306122448,1205.859375,7235.15625,present,https://s3.amazonaws.com/arbimon2/project_2770/detections/10553/31_135.png,1575181380000,,0.290271675383957,22307
864,168303656,MON_20191201_060700.p18.flac,Miraflores,2019,12,Agelasticus thilius,Alternative Song,2.844444444444445,4.27827664399093,1205.859375,7235.15625,present,https://s3.amazonaws.com/arbimon2/project_2770/detections/10553/31_136.png,1575181440000,,0.2603445996700714,22307
865,168303677,MON_20191125_060700.p20.flac,Miraflores,2019,11,Agelasticus thilius,Alternative Song,10.69859410430839,12.132426303854876,1205.859375,7235.15625,present,https://s3.amazonaws.com/arbimon2/project_2770/detections/10553/27_20.png,1574663160000,,0.3385073650033998,22307
866,168303691,MON_20191125_060700.p45.flac,Miraflores,2019,11,Agelasticus thilius,Alternative Song,39.53197278911565,40.96580498866213,1205.859375,7235.15625,present,https://s3.amazonaws.com/arbimon2/project_2770/detections/10553/27_34.png,1574664660000,,0.3517582283341375,22307
867,168303696,MON_20191125_080000.p2.flac,Miraflores,2019,11,Agelasticus thilius,Alternative Song,34.115918367346936,35.54975056689342,1205.859375,7235.15625,present,https://s3.amazonaws.com/arbimon2/project_2770/detections/10553/27_39.png,1574668860000,,0.2820850428716665,22307
868,168303698,MON_20191125_080000.p3.flac,Miraflores,2019,11,Agelasticus thilius,Alternative Song,15.534149659863946,16.967981859410433,1205.859375,7235.15625,present,https://s3.amazonaws.com/arbimon2/project_2770/detections/10553/27_41.png,1574668920000,,0.2928612978110999,22307
869,168303699,MON_20191125_080000.p3.flac,Miraflores,2019,11,Agelasticus thilius,Alternative Song,34.60934240362812,36.043174603174606,1205.859375,7235.15625,present,https://s3.amazonaws.com/arbimon2/project_2770/detections/10553/27_42.png,1574668920000,,0.2687845363580196,22307
870,168303701,MON_20191125_080000.p4.flac,Miraflores,2019,11,Agelasticus thilius,Alternative Song,18.68625850340136,20.120090702947845,1205.859375,7235.15625,present,https://s3.amazonaws.com/arbimon2/project_2770/detections/10553/27_44.png,1574668980000,,0.3910462506750636,22307
871,168303705,MON_20191125_100000.p2.flac,Miraflores,2019,11,Agelasticus thilius,Alternative Song,7.337505668934241,8.771337868480726,1205.859375,7235.15625,present,https://s3.amazonaws.com/arbimon2/project_2770/detections/10553/27_48.png,1574676060000,,0.452684019100622,22307
872,168303706,MON_20191125_100000.p2.flac,Miraflores,2019,11,Agelasticus thilius,Alternative Song,19.13324263038549,20.56707482993197,1205.859375,7235.15625,present,https://s3.amazonaws.com/arbimon2/project_2770/detections/10553/27_49.png,1574676060000,,0.3937261645448576,22307
873,168303708,MON_20191125_100000.p4.flac,Miraflores,2019,11,Agelasticus thilius,Alternative Song,38.73668934240363,40.17052154195012,1205.859375,7235.15625,present,https://s3.amazonaws.com/arbimon2/project_2770/detections/10553/27_51.png,1574676180000,,0.3975418803474921,22307
874,168303735,MON_20191125_180000.p4.flac,Miraflores,2019,11,Agelasticus thilius,Alternative Song,55.71628117913832,57.15011337868481,1205.859375,7235.15625,present,https://s3.amazonaws.com/arbimon2/project_2770/detections/10553/27_78.png,1574704980000,,0.2643277442923598,22307
875,168303740,MON_20191125_200000.p5.flac,Miraflores,2019,11,Agelasticus thilius,Alternative Song,6.275192743764173,7.7090249433106575,1205.859375,7235.15625,present,https://s3.amazonaws.com/arbimon2/project_2770/detections/10553/27_83.png,1574712240000,,0.2582595212057068,22307
876,168303743,MON_20191125_200700.p2.flac,Miraflores,2019,11,Agelasticus thilius,Alternative Song,51.11292517006802,52.54675736961451,1205.859375,7235.15625,present,https://s3.amazonaws.com/arbimon2/project_2770/detections/10553/27_86.png,1574712480000,,0.329724047224147,22307
877,168303744,MON_20191125_200700.p6.flac,Miraflores,2019,11,Agelasticus thilius,Alternative Song,55.78013605442177,57.213968253968254,1205.859375,7235.15625,present,https://s3.amazonaws.com/arbimon2/project_2770/detections/10553/27_87.png,1574712720000,,0.2615312703005474,22307
878,168303745,MON_20191125_200700.p16.flac,Miraflores,2019,11,Agelasticus thilius,Alternative Song,34.62095238095238,36.05478458049887,1205.859375,7235.15625,present,https://s3.amazonaws.com/arbimon2/project_2770/detections/10553/27_88.png,1574713320000,,0.3494102251072559,22307
879,168303746,MON_20191125_200700.p16.flac,Miraflores,2019,11,Agelasticus thilius,Alternative Song,8.626213151927438,10.060045351473924,1205.859375,7235.15625,present,https://s3.amazonaws.com/arbimon2/project_2770/detections/10553/27_89.png,1574713320000,,0.3111763963640099,22307
880,168303747,MON_20191125_200700.p15.flac,Miraflores,2019,11,Agelasticus thilius,Alternative Song,8.02249433106576,9.456326530612245,1205.859375,7235.15625,present,https://s3.amazonaws.com/arbimon2/project_2770/detections/10553/27_90.png,1574713260000,,0.280802551199273,22307
881,168303749,MON_20191125_200700.p14.flac,Miraflores,2019,11,Agelasticus thilius,Alternative Song,29.31519274376417,30.74902494331066,1205.859375,7235.15625,present,https://s3.amazonaws.com/arbimon2/project_2770/detections/10553/27_92.png,1574713200000,,0.3150413760310654,22307
882,168303753,MON_20191125_200700.p20.flac,Miraflores,2019,11,Agelasticus thilius,Alternative Song,33.46575963718821,34.89959183673469,1205.859375,7235.15625,present,https://s3.amazonaws.com/arbimon2/project_2770/detections/10553/27_96.png,1574713560000,,0.3153002750346947,22307
883,168303758,MON_20191125_200700.p18.flac,Miraflores,2019,11,Agelasticus thilius,Alternative Song,9.868480725623582,11.302312925170067,1205.859375,7235.15625,present,https://s3.amazonaws.com/arbimon2/project_2770/detections/10553/27_101.png,1574713440000,,0.4336816945575429,22307
884,168303759,MON_20191125_200700.p18.flac,Miraflores,2019,11,Agelasticus thilius,Alternative Song,46.834648526077096,48.26848072562358,1205.859375,7235.15625,present,https://s3.amazonaws.com/arbimon2/project_2770/detections/10553/27_102.png,1574713440000,,0.3413281726719097,22307
885,168303760,MON_20191125_200700.p18.flac,Miraflores,2019,11,Agelasticus thilius,Alternative Song,51.095510204081634,52.52934240362812,1205.859375,7235.15625,present,https://s3.amazonaws.com/arbimon2/project_2770/detections/10553/27_103.png,1574713440000,,0.2973302449542612,22307
886,168303761,MON_20191125_200700.p24.flac,Miraflores,2019,11,Agelasticus thilius,Alternative Song,57.5912925170068,59.025124716553286,1205.859375,7235.15625,present,https://s3.amazonaws.com/arbimon2/project_2770/detections/10553/27_104.png,1574713800000,,0.3631035229906146,22307
887,168303762,MON_20191125_200700.p24.flac,Miraflores,2019,11,Agelasticus thilius,Alternative Song,42.71310657596372,44.14693877551021,1205.859375,7235.15625,present,https://s3.amazonaws.com/arbimon2/project_2770/detections/10553/27_105.png,1574713800000,,0.3473458738506658,22307
888,168303773,MON_20191125_200700.p29.flac,Miraflores,2019,11,Agelasticus thilius,Alternative Song,2.3045804988662133,3.738412698412698,1205.859375,7235.15625,present,https://s3.amazonaws.com/arbimon2/project_2770/detections/10553/27_116.png,1574714100000,,0.3496370563162286,22307
889,168303774,MON_20191125_200700.p27.flac,Miraflores,2019,11,Agelasticus thilius,Alternative Song,37.95301587301587,39.38684807256236,1205.859375,7235.15625,present,https://s3.amazonaws.com/arbimon2/project_2770/detections/10553/27_117.png,1574713980000,,0.3031023483103037,22307
890,168303776,MON_20191125_200700.p31.flac,Miraflores,2019,11,Agelasticus thilius,Alternative Song,24.398367346938777,25.83219954648526,1205.859375,7235.15625,present,https://s3.amazonaws.com/arbimon2/project_2770/detections/10553/27_119.png,1574714220000,,0.3664857067458945,22307
891,168303781,MON_20191115_120000.p3.flac,Miraflores,2019,11,Agelasticus thilius,Alternative Song,31.24825396825397,32.682086167800456,1205.859375,7235.15625,present,https://s3.amazonaws.com/arbimon2/project_2770/detections/10553/20_4.png,1573819320000,,0.380199381670586,22307
892,168303795,MON_20191115_160000.p5.flac,Miraflores,2019,11,Agelasticus thilius,Alternative Song,25.112380952380956,26.54621315192744,1205.859375,7235.15625,present,https://s3.amazonaws.com/arbimon2/project_2770/detections/10553/20_18.png,1573833840000,,0.3865790959208823,22307
893,168303796,MON_20191115_160000.p5.flac,Miraflores,2019,11,Agelasticus thilius,Alternative Song,50.2421768707483,51.67600907029478,1205.859375,7235.15625,present,https://s3.amazonaws.com/arbimon2/project_2770/detections/10553/20_19.png,1573833840000,,0.374511235270916,22307
894,168303806,MON_20191115_190000.p5.flac,Miraflores,2019,11,Agelasticus thilius,Alternative Song,1.3815873015873017,2.815419501133787,1205.859375,7235.15625,present,https://s3.amazonaws.com/arbimon2/project_2770/detections/10553/20_29.png,1573844640000,,0.2684107164686251,22307
895,168303826,MON_20191115_200700.p26.flac,Miraflores,2019,11,Agelasticus thilius,Alternative Song,52.273922902494334,53.707755102040814,1205.859375,7235.15625,present,https://s3.amazonaws.com/arbimon2/project_2770/detections/10553/20_49.png,1573849920000,,0.4104649789792348,22307
896,168303827,MON_20191115_200700.p26.flac,Miraflores,2019,11,Agelasticus thilius,Alternative Song,7.053061224489796,8.486893424036282,1205.859375,7235.15625,present,https://s3.amazonaws.com/arbimon2/project_2770/detections/10553/20_50.png,1573849920000,,0.3428356035925672,22307
897,168303828,MON_20191115_200700.p26.flac,Miraflores,2019,11,Agelasticus thilius,Alternative Song,23.028390022675737,24.462222222222223,1205.859375,7235.15625,present,https://s3.amazonaws.com/arbimon2/project_2770/detections/10553/20_51.png,1573849920000,,0.2904186097216629,22307
898,168303829,MON_20191115_200700.p25.flac,Miraflores,2019,11,Agelasticus thilius,Alternative Song,50.92716553287982,52.36099773242631,1205.859375,7235.15625,present,https://s3.amazonaws.com/arbimon2/project_2770/detections/10553/20_52.png,1573849860000,,0.3706351944107121,22307
899,168303831,MON_20191115_200700.p27.flac,Miraflores,2019,11,Agelasticus thilius,Alternative Song,4.167981859410431,5.601814058956916,1205.859375,7235.15625,present,https://s3.amazonaws.com/arbimon2/project_2770/detections/10553/20_54.png,1573849980000,,0.3608375914851259,22307
900,168303844,MON_20191115_200700.p35.flac,Miraflores,2019,11,Agelasticus thilius,Alternative Song,41.9352380952381,43.36907029478458,1205.859375,7235.15625,present,https://s3.amazonaws.com/arbimon2/project_2770/detections/10553/20_67.png,1573850460000,,0.2825839022020329,22307
901,168303847,MON_20191115_200700.p36.flac,Miraflores,2019,11,Agelasticus thilius,Alternative Song,31.32952380952381,32.76335600907029,1205.859375,7235.15625,present,https://s3.amazonaws.com/arbimon2/project_2770/detections/10553/20_70.png,1573850520000,,0.3083532176980027,22307
902,168303853,MON_20191115_200700.p37.flac,Miraflores,2019,11,Agelasticus thilius,Alternative Song,16.718367346938777,18.15219954648526,1205.859375,7235.15625,present,https://s3.amazonaws.com/arbimon2/project_2770/detections/10553/20_76.png,1573850580000,,0.3331427062444866,22307
903,168303859,MON_20191115_200700.p41.flac,Miraflores,2019,11,Agelasticus thilius,Alternative Song,11.714467120181403,13.148299319727892,1205.859375,7235.15625,present,https://s3.amazonaws.com/arbimon2/project_2770/detections/10553/20_82.png,1573850820000,,0.3307761532525882,22307
904,168303884,MON_20191116_060700.p10.flac,Miraflores,2019,11,Agelasticus thilius,Alternative Song,18.140589569161,19.574421768707484,1205.859375,7235.15625,present,https://s3.amazonaws.com/arbimon2/project_2770/detections/10553/20_107.png,1573884960000,,0.2645998104655959,22307
905,168303889,MON_20191116_060700.p33.flac,Miraflores,2019,11,Agelasticus thilius,Alternative Song,32.57179138321995,34.00562358276644,1205.859375,7235.15625,present,https://s3.amazonaws.com/arbimon2/project_2770/detections/10553/20_112.png,1573886340000,,0.2569538569599593,22307
906,168303891,MON_20191116_060700.p37.flac,Miraflores,2019,11,Agelasticus thilius,Alternative Song,9.015147392290247,10.448979591836734,1205.859375,7235.15625,present,https://s3.amazonaws.com/arbimon2/project_2770/detections/10553/20_114.png,1573886580000,,0.2652929479202072,22307
907,168303904,MON_20191225_180000.p5.flac,Miraflores,2019,12,Agelasticus thilius,Alternative Song,49.12761904761905,50.561451247165536,1205.859375,7235.15625,present,https://s3.amazonaws.com/arbimon2/project_2770/detections/10553/50_11.png,1577297040000,,0.2635154185313642,22307
908,168303905,MON_20191225_190000.p2.flac,Miraflores,2019,12,Agelasticus thilius,Alternative Song,39.42748299319728,40.86131519274377,1205.859375,7235.15625,present,https://s3.amazonaws.com/arbimon2/project_2770/detections/10553/50_12.png,1577300460000,,0.2828520006964281,22307
909,168303912,MON_20191225_200700.p2.flac,Miraflores,2019,12,Agelasticus thilius,Alternative Song,52.58739229024943,54.02122448979592,1205.859375,7235.15625,present,https://s3.amazonaws.com/arbimon2/project_2770/detections/10553/50_19.png,1577304480000,,0.3443004371159493,22307
910,168303913,MON_20191225_200700.p2.flac,Miraflores,2019,12,Agelasticus thilius,Alternative Song,6.76281179138322,8.196643990929704,1205.859375,7235.15625,present,https://s3.amazonaws.com/arbimon2/project_2770/detections/10553/50_20.png,1577304480000,,0.3257543403675758,22307
911,168303914,MON_20191225_200700.p5.flac,Miraflores,2019,12,Agelasticus thilius,Alternative Song,3.140498866213152,4.574331065759637,1205.859375,7235.15625,present,https://s3.amazonaws.com/arbimon2/project_2770/detections/10553/50_21.png,1577304660000,,0.3752776875535524,22307
912,168303931,MON_20191225_200700.p25.flac,Miraflores,2019,12,Agelasticus thilius,Alternative Song,57.637732426303856,59.07156462585034,1205.859375,7235.15625,present,https://s3.amazonaws.com/arbimon2/project_2770/detections/10553/50_38.png,1577305860000,,0.2934720640553219,22307
913,168303947,MON_20191225_200700.p44.flac,Miraflores,2019,12,Agelasticus thilius,Alternative Song,37.581496598639454,39.01532879818594,1205.859375,7235.15625,present,https://s3.amazonaws.com/arbimon2/project_2770/detections/10553/50_54.png,1577307000000,,0.2606355907617361,22307
914,168303950,MON_20191225_210000.p2.flac,Miraflores,2019,12,Agelasticus thilius,Alternative Song,57.19074829931973,58.624580498866216,1205.859375,7235.15625,present,https://s3.amazonaws.com/arbimon2/project_2770/detections/10553/50_57.png,1577307660000,,0.3529358116890186,22307
915,168303951,MON_20191225_210000.p1.flac,Miraflores,2019,12,Agelasticus thilius,Alternative Song,17.426575963718822,18.860408163265305,1205.859375,7235.15625,present,https://s3.amazonaws.com/arbimon2/project_2770/detections/10553/50_58.png,1577307600000,,0.3035035326654283,22307
916,168303960,MON_20191226_060700.p1.flac,Miraflores,2019,12,Agelasticus thilius,Alternative Song,53.17950113378685,54.61333333333334,1205.859375,7235.15625,present,https://s3.amazonaws.com/arbimon2/project_2770/detections/10553/50_67.png,1577340420000,,0.2631344603145699,22307
917,168303974,MON_20191226_060700.p42.flac,Miraflores,2019,12,Agelasticus thilius,Alternative Song,18.44244897959184,19.87628117913832,1205.859375,7235.15625,present,https://s3.amazonaws.com/arbimon2/project_2770/detections/10553/50_81.png,1577342880000,,0.3117633518841777,22307
918,168304009,MON_20191226_200700.p14.flac,Miraflores,2019,12,Agelasticus thilius,Alternative Song,45.42984126984127,46.86367346938776,1205.859375,7235.15625,present,https://s3.amazonaws.com/arbimon2/project_2770/detections/10553/50_116.png,1577391600000,,0.4042241040772702,22307
919,168304013,MON_20191226_200700.p26.flac,Miraflores,2019,12,Agelasticus thilius,Alternative Song,38.771519274376416,40.2053514739229,1205.859375,7235.15625,present,https://s3.amazonaws.com/arbimon2/project_2770/detections/10553/50_120.png,1577392320000,,0.2656730154680758,22307
920,168304014,MON_20191226_200700.p27.flac,Miraflores,2019,12,Agelasticus thilius,Alternative Song,35.45687074829932,36.8907029478458,1205.859375,7235.15625,present,https://s3.amazonaws.com/arbimon2/project_2770/detections/10553/50_121.png,1577392380000,,0.2877732966438387,22307
921,168304016,MON_20191226_200700.p30.flac,Miraflores,2019,12,Agelasticus thilius,Alternative Song,2.9779591836734696,4.4117913832199545,1205.859375,7235.15625,present,https://s3.amazonaws.com/arbimon2/project_2770/detections/10553/50_123.png,1577392560000,,0.2007387695550335,22307
922,168304021,MON_20191226_200700.p49.flac,Miraflores,2019,12,Agelasticus thilius,Alternative Song,51.57151927437642,53.0053514739229,1205.859375,7235.15625,present,https://s3.amazonaws.com/arbimon2/project_2770/detections/10553/50_128.png,1577393700000,,0.3135448390490026,22307
923,168304022,MON_20191226_200700.p39.flac,Miraflores,2019,12,Agelasticus thilius,Alternative Song,29.646077097505668,31.079909297052158,1205.859375,7235.15625,present,https://s3.amazonaws.com/arbimon2/project_2770/detections/10553/50_129.png,1577393100000,,0.2829134680531568,22307
924,168304031,MON_20191119_060700.p16.flac,Miraflores,2019,11,Agelasticus thilius,Alternative Song,27.74204081632653,29.175873015873016,1205.859375,7235.15625,present,https://s3.amazonaws.com/arbimon2/project_2770/detections/10553/23_7.png,1574144520000,,0.2982411485991917,22307
925,168304036,MON_20191119_060700.p25.flac,Miraflores,2019,11,Agelasticus thilius,Alternative Song,14.106122448979592,15.539954648526075,1205.859375,7235.15625,present,https://s3.amazonaws.com/arbimon2/project_2770/detections/10553/23_12.png,1574145060000,,0.2807253584682248,22307
926,168304039,MON_20191119_060700.p39.flac,Miraflores,2019,11,Agelasticus thilius,Alternative Song,42.64344671201814,44.07727891156463,1205.859375,7235.15625,present,https://s3.amazonaws.com/arbimon2/project_2770/detections/10553/23_15.png,1574145900000,,0.2670032504452647,22307
927,168304049,MON_20191119_060700.p50.flac,Miraflores,2019,11,Agelasticus thilius,Alternative Song,47.8098866213152,49.24371882086168,1205.859375,7235.15625,present,https://s3.amazonaws.com/arbimon2/project_2770/detections/10553/23_25.png,1574146560000,,0.4047741289463,22307
928,168304050,MON_20191119_060700.p50.flac,Miraflores,2019,11,Agelasticus thilius,Alternative Song,33.70956916099773,35.14340136054422,1205.859375,7235.15625,present,https://s3.amazonaws.com/arbimon2/project_2770/detections/10553/23_26.png,1574146560000,,0.3385818680759795,22307
929,168304053,MON_20191119_080000.p3.flac,Miraflores,2019,11,Agelasticus thilius,Alternative Song,24.20680272108844,25.64063492063492,1205.859375,7235.15625,present,https://s3.amazonaws.com/arbimon2/project_2770/detections/10553/23_29.png,1574150520000,,0.371668498146095,22307
930,168304054,MON_20191119_080000.p4.flac,Miraflores,2019,11,Agelasticus thilius,Alternative Song,6.275192743764173,7.7090249433106575,1205.859375,7235.15625,present,https://s3.amazonaws.com/arbimon2/project_2770/detections/10553/23_30.png,1574150580000,,0.3234559214603895,22307
931,168304055,MON_20191119_080000.p5.flac,Miraflores,2019,11,Agelasticus thilius,Alternative Song,44.50104308390023,45.93487528344672,1205.859375,7235.15625,present,https://s3.amazonaws.com/arbimon2/project_2770/detections/10553/23_31.png,1574150640000,,0.2883191365694812,22307
932,168304056,MON_20191119_090000.p1.flac,Miraflores,2019,11,Agelasticus thilius,Alternative Song,46.04517006802721,47.4790022675737,1205.859375,7235.15625,present,https://s3.amazonaws.com/arbimon2/project_2770/detections/10553/23_32.png,1574154000000,,0.2540435874842385,22307
933,168304057,MON_20191119_090000.p2.flac,Miraflores,2019,11,Agelasticus thilius,Alternative Song,50.67755102040816,52.11138321995465,1205.859375,7235.15625,present,https://s3.amazonaws.com/arbimon2/project_2770/detections/10553/23_33.png,1574154060000,,0.3314394246520429,22307
934,168304058,MON_20191119_090000.p3.flac,Miraflores,2019,11,Agelasticus thilius,Alternative Song,51.641179138322,53.07501133786848,1205.859375,7235.15625,present,https://s3.amazonaws.com/arbimon2/project_2770/detections/10553/23_34.png,1574154120000,,0.3458014202907274,22307
935,168304059,MON_20191119_090000.p3.flac,Miraflores,2019,11,Agelasticus thilius,Alternative Song,27.335691609977324,28.76952380952381,1205.859375,7235.15625,present,https://s3.amazonaws.com/arbimon2/project_2770/detections/10553/23_35.png,1574154120000,,0.2533332530958061,22307
936,168304060,MON_20191119_090000.p5.flac,Miraflores,2019,11,Agelasticus thilius,Alternative Song,57.82349206349206,59.25732426303855,1205.859375,7235.15625,present,https://s3.amazonaws.com/arbimon2/project_2770/detections/10553/23_36.png,1574154240000,,0.4369135549011285,22307
937,168304074,MON_20191119_120000.p4.flac,Miraflores,2019,11,Agelasticus thilius,Alternative Song,14.66920634920635,16.103038548752835,1205.859375,7235.15625,present,https://s3.amazonaws.com/arbimon2/project_2770/detections/10553/23_50.png,1574164980000,,0.2899886309768849,22307
938,168304086,MON_20191119_200700.p3.flac,Miraflores,2019,11,Agelasticus thilius,Alternative Song,39.05015873015873,40.483990929705215,1205.859375,7235.15625,present,https://s3.amazonaws.com/arbimon2/project_2770/detections/10553/23_62.png,1574194140000,,0.3839212583295924,22307
939,168304087,MON_20191119_200700.p3.flac,Miraflores,2019,11,Agelasticus thilius,Alternative Song,57.35909297052154,58.79292517006802,1205.859375,7235.15625,present,https://s3.amazonaws.com/arbimon2/project_2770/detections/10553/23_63.png,1574194140000,,0.3623132813093749,22307
940,168304091,MON_20191119_200700.p6.flac,Miraflores,2019,11,Agelasticus thilius,Alternative Song,0.301859410430839,1.7356916099773243,1205.859375,7235.15625,present,https://s3.amazonaws.com/arbimon2/project_2770/detections/10553/23_67.png,1574194320000,,0.2858842693234691,22307
941,168304092,MON_20191119_200700.p6.flac,Miraflores,2019,11,Agelasticus thilius,Alternative Song,42.27773242630386,43.71156462585034,1205.859375,7235.15625,present,https://s3.amazonaws.com/arbimon2/project_2770/detections/10553/23_68.png,1574194320000,,0.2715577059647094,22307
942,168304094,MON_20191119_200700.p7.flac,Miraflores,2019,11,Agelasticus thilius,Alternative Song,12.312380952380952,13.746213151927437,1205.859375,7235.15625,present,https://s3.amazonaws.com/arbimon2/project_2770/detections/10553/23_70.png,1574194380000,,0.2777568393845095,22307
943,168304096,MON_20191119_200700.p7.flac,Miraflores,2019,11,Agelasticus thilius,Alternative Song,10.495419501133789,11.929251700680272,1205.859375,7235.15625,present,https://s3.amazonaws.com/arbimon2/project_2770/detections/10553/23_72.png,1574194380000,,0.2004514770843162,22307
944,168304097,MON_20191119_200700.p8.flac,Miraflores,2019,11,Agelasticus thilius,Alternative Song,24.37514739229025,25.80897959183673,1205.859375,7235.15625,present,https://s3.amazonaws.com/arbimon2/project_2770/detections/10553/23_73.png,1574194440000,,0.2709718765887731,22307
945,168304103,MON_20191119_200700.p16.flac,Miraflores,2019,11,Agelasticus thilius,Alternative Song,17.438185941043084,18.87201814058957,1205.859375,7235.15625,present,https://s3.amazonaws.com/arbimon2/project_2770/detections/10553/23_79.png,1574194920000,,0.3738366917393739,22307
946,168304104,MON_20191119_200700.p16.flac,Miraflores,2019,11,Agelasticus thilius,Alternative Song,2.844444444444445,4.27827664399093,1205.859375,7235.15625,present,https://s3.amazonaws.com/arbimon2/project_2770/detections/10553/23_80.png,1574194920000,,0.307567967467486,22307
947,168304105,MON_20191119_200700.p16.flac,Miraflores,2019,11,Agelasticus thilius,Alternative Song,20.63673469387755,22.07056689342404,1205.859375,7235.15625,present,https://s3.amazonaws.com/arbimon2/project_2770/detections/10553/23_81.png,1574194920000,,0.3047465404415638,22307
948,168304110,MON_20191119_200700.p22.flac,Miraflores,2019,11,Agelasticus thilius,Alternative Song,19.667301587301587,21.101133786848077,1205.859375,7235.15625,present,https://s3.amazonaws.com/arbimon2/project_2770/detections/10553/23_86.png,1574195280000,,0.3362523292437041,22307
949,168304111,MON_20191119_200700.p22.flac,Miraflores,2019,11,Agelasticus thilius,Alternative Song,9.647891156462585,11.08172335600907,1205.859375,7235.15625,present,https://s3.amazonaws.com/arbimon2/project_2770/detections/10553/23_87.png,1574195280000,,0.3200787803522394,22307
950,168304112,MON_20191119_200700.p23.flac,Miraflores,2019,11,Agelasticus thilius,Alternative Song,18.169614512471654,19.60344671201814,1205.859375,7235.15625,present,https://s3.amazonaws.com/arbimon2/project_2770/detections/10553/23_88.png,1574195340000,,0.300698012188898,22307
951,168304113,MON_20191119_200700.p23.flac,Miraflores,2019,11,Agelasticus thilius,Alternative Song,49.90548752834467,51.33931972789116,1205.859375,7235.15625,present,https://s3.amazonaws.com/arbimon2/project_2770/detections/10553/23_89.png,1574195340000,,0.2764884365218029,22307
952,168304133,MON_20191120_070000.p2.flac,Miraflores,2019,11,Agelasticus thilius,Alternative Song,41.04707482993197,42.48090702947846,1205.859375,7235.15625,present,https://s3.amazonaws.com/arbimon2/project_2770/detections/10553/23_109.png,1574233260000,,0.3253807733522378,22307
953,168304142,MON_20191120_080000.p1.flac,Miraflores,2019,11,Agelasticus thilius,Alternative Song,2.1188208616780044,3.5526530612244898,1205.859375,7235.15625,present,https://s3.amazonaws.com/arbimon2/project_2770/detections/10553/23_118.png,1574236800000,,0.3437014700922288,22307
954,168304158,MON_20191118_060700.p49.flac,Miraflores,2019,11,Agelasticus thilius,Alternative Song,3.732607709750567,5.166439909297052,1205.859375,7235.15625,present,https://s3.amazonaws.com/arbimon2/project_2770/detections/10553/22_11.png,1574060100000,,0.336663976071271,22307
955,168304163,MON_20191118_070000.p5.flac,Miraflores,2019,11,Agelasticus thilius,Alternative Song,29.79120181405896,31.22503401360544,1205.859375,7235.15625,present,https://s3.amazonaws.com/arbimon2/project_2770/detections/10553/22_16.png,1574060640000,,0.3324976716144576,22307
956,168304176,MON_20191118_120000.p1.flac,Miraflores,2019,11,Agelasticus thilius,Alternative Song,11.023673469387756,12.45750566893424,1205.859375,7235.15625,present,https://s3.amazonaws.com/arbimon2/project_2770/detections/10553/22_29.png,1574078400000,,0.3050718311137484,22307
957,168304177,MON_20191118_120000.p2.flac,Miraflores,2019,11,Agelasticus thilius,Alternative Song,13.83909297052154,15.272925170068028,1205.859375,7235.15625,present,https://s3.amazonaws.com/arbimon2/project_2770/detections/10553/22_30.png,1574078460000,,0.3501700842987996,22307
958,168304182,MON_20191118_130000.p1.flac,Miraflores,2019,11,Agelasticus thilius,Alternative Song,32.02612244897959,33.45995464852608,1205.859375,7235.15625,present,https://s3.amazonaws.com/arbimon2/project_2770/detections/10553/22_35.png,1574082000000,,0.4595754741545413,22307
959,168304183,MON_20191118_130000.p1.flac,Miraflores,2019,11,Agelasticus thilius,Alternative Song,7.894784580498866,9.328616780045351,1205.859375,7235.15625,present,https://s3.amazonaws.com/arbimon2/project_2770/detections/10553/22_36.png,1574082000000,,0.3746903640265595,22307
960,168304184,MON_20191118_130000.p1.flac,Miraflores,2019,11,Agelasticus thilius,Alternative Song,53.35365079365079,54.78748299319728,1205.859375,7235.15625,present,https://s3.amazonaws.com/arbimon2/project_2770/detections/10553/22_37.png,1574082000000,,0.3115550049461977,22307
961,168304199,MON_20191118_200000.p2.flac,Miraflores,2019,11,Agelasticus thilius,Alternative Song,24.82213151927437,26.255963718820865,1205.859375,7235.15625,present,https://s3.amazonaws.com/arbimon2/project_2770/detections/10553/22_52.png,1574107260000,,0.4115849053842259,22307
962,168304204,MON_20191118_200000.p4.flac,Miraflores,2019,11,Agelasticus thilius,Alternative Song,19.202902494331067,20.63673469387755,1205.859375,7235.15625,present,https://s3.amazonaws.com/arbimon2/project_2770/detections/10553/22_57.png,1574107380000,,0.3461863103643667,22307
963,168304205,MON_20191118_200000.p4.flac,Miraflores,2019,11,Agelasticus thilius,Alternative Song,35.43365079365079,36.86748299319728,1205.859375,7235.15625,present,https://s3.amazonaws.com/arbimon2/project_2770/detections/10553/22_58.png,1574107380000,,0.3171479724347364,22307
964,168304207,MON_20191118_200700.p5.flac,Miraflores,2019,11,Agelasticus thilius,Alternative Song,22.407256235827663,23.84108843537415,1205.859375,7235.15625,present,https://s3.amazonaws.com/arbimon2/project_2770/detections/10553/22_60.png,1574107860000,,0.298407724312529,22307
965,168304208,MON_20191118_200700.p5.flac,Miraflores,2019,11,Agelasticus thilius,Alternative Song,7.569705215419501,9.003537414965987,1205.859375,7235.15625,present,https://s3.amazonaws.com/arbimon2/project_2770/detections/10553/22_61.png,1574107860000,,0.2884402986512701,22307
966,168304211,MON_20191118_200700.p7.flac,Miraflores,2019,11,Agelasticus thilius,Alternative Song,53.06340136054422,54.49723356009071,1205.859375,7235.15625,present,https://s3.amazonaws.com/arbimon2/project_2770/detections/10553/22_64.png,1574107980000,,0.2618844313898882,22307
967,168304224,MON_20191118_200700.p28.flac,Miraflores,2019,11,Agelasticus thilius,Alternative Song,42.52154195011338,43.95537414965986,1205.859375,7235.15625,present,https://s3.amazonaws.com/arbimon2/project_2770/detections/10553/22_77.png,1574109240000,,0.2632390420555675,22307
968,168304228,MON_20191118_200700.p30.flac,Miraflores,2019,11,Agelasticus thilius,Alternative Song,10.396734693877551,11.830566893424036,1205.859375,7235.15625,present,https://s3.amazonaws.com/arbimon2/project_2770/detections/10553/22_81.png,1574109360000,,0.2688757755731784,22307
969,168304229,MON_20191118_200700.p29.flac,Miraflores,2019,11,Agelasticus thilius,Alternative Song,51.55410430839002,52.98793650793651,1205.859375,7235.15625,present,https://s3.amazonaws.com/arbimon2/project_2770/detections/10553/22_82.png,1574109300000,,0.3341840853464118,22307
970,168304230,MON_20191118_200700.p29.flac,Miraflores,2019,11,Agelasticus thilius,Alternative Song,12.892879818594103,14.32671201814059,1205.859375,7235.15625,present,https://s3.amazonaws.com/arbimon2/project_2770/detections/10553/22_83.png,1574109300000,,0.2561703249722867,22307
971,168304231,MON_20191118_200700.p32.flac,Miraflores,2019,11,Agelasticus thilius,Alternative Song,20.300045351473923,21.73387755102041,1205.859375,7235.15625,present,https://s3.amazonaws.com/arbimon2/project_2770/detections/10553/22_84.png,1574109480000,,0.2763580246867282,22307
972,168304233,MON_20191118_200700.p31.flac,Miraflores,2019,11,Agelasticus thilius,Alternative Song,0.905578231292517,2.3394104308390022,1205.859375,7235.15625,present,https://s3.amazonaws.com/arbimon2/project_2770/detections/10553/22_86.png,1574109420000,,0.2736505791734063,22307
973,168304234,MON_20191118_200700.p40.flac,Miraflores,2019,11,Agelasticus thilius,Alternative Song,4.435011337868481,5.868843537414966,1205.859375,7235.15625,present,https://s3.amazonaws.com/arbimon2/project_2770/detections/10553/22_87.png,1574109960000,,0.319401234548853,22307
974,168304235,MON_20191118_200700.p40.flac,Miraflores,2019,11,Agelasticus thilius,Alternative Song,53.23755102040816,54.67138321995465,1205.859375,7235.15625,present,https://s3.amazonaws.com/arbimon2/project_2770/detections/10553/22_88.png,1574109960000,,0.3112929482684209,22307
975,168304240,MON_20191118_200700.p41.flac,Miraflores,2019,11,Agelasticus thilius,Alternative Song,39.19528344671202,40.629115646258505,1205.859375,7235.15625,present,https://s3.amazonaws.com/arbimon2/project_2770/detections/10553/22_93.png,1574110020000,,0.2792903032119684,22307
976,168304241,MON_20191118_200700.p41.flac,Miraflores,2019,11,Agelasticus thilius,Alternative Song,7.999274376417233,9.433106575963718,1205.859375,7235.15625,present,https://s3.amazonaws.com/arbimon2/project_2770/detections/10553/22_94.png,1574110020000,,0.2710414261423672,22307
977,168304245,MON_20191118_200700.p35.flac,Miraflores,2019,11,Agelasticus thilius,Alternative Song,21.22303854875284,22.65687074829932,1205.859375,7235.15625,present,https://s3.amazonaws.com/arbimon2/project_2770/detections/10553/22_98.png,1574109660000,,0.3400086548831943,22307
978,168304250,MON_20191118_200700.p45.flac,Miraflores,2019,11,Agelasticus thilius,Alternative Song,18.599183673469387,20.033015873015877,1205.859375,7235.15625,present,https://s3.amazonaws.com/arbimon2/project_2770/detections/10553/22_103.png,1574110260000,,0.2658185582088961,22307
979,168304261,MON_20191118_200700.p51.flac,Miraflores,2019,11,Agelasticus thilius,Alternative Song,53.92834467120181,55.3621768707483,1205.859375,7235.15625,present,https://s3.amazonaws.com/arbimon2/project_2770/detections/10553/22_114.png,1574110620000,,0.2576222053241432,22307
980,168304264,MON_20191206_180000.p5.flac,Miraflores,2019,12,Agelasticus thilius,Alternative Song,45.92326530612245,47.35709750566893,1205.859375,7235.15625,present,https://s3.amazonaws.com/arbimon2/project_2770/detections/10553/36_0.png,1575655440000,,0.3230469573329436,22307
981,168304266,MON_20191206_190000.p1.flac,Miraflores,2019,12,Agelasticus thilius,Alternative Song,13.10766439909297,14.541496598639457,1205.859375,7235.15625,present,https://s3.amazonaws.com/arbimon2/project_2770/detections/10553/36_2.png,1575658800000,,0.3262196264487412,22307
982,168304267,MON_20191206_190000.p1.flac,Miraflores,2019,12,Agelasticus thilius,Alternative Song,31.730068027210883,33.16390022675737,1205.859375,7235.15625,present,https://s3.amazonaws.com/arbimon2/project_2770/detections/10553/36_3.png,1575658800000,,0.3058457098200184,22307
983,168304268,MON_20191206_190000.p1.flac,Miraflores,2019,12,Agelasticus thilius,Alternative Song,45.27891156462585,46.71274376417234,1205.859375,7235.15625,present,https://s3.amazonaws.com/arbimon2/project_2770/detections/10553/36_4.png,1575658800000,,0.3029510288041299,22307
984,168304269,MON_20191206_190000.p4.flac,Miraflores,2019,12,Agelasticus thilius,Alternative Song,12.085986394557825,13.519818594104308,1205.859375,7235.15625,present,https://s3.amazonaws.com/arbimon2/project_2770/detections/10553/36_5.png,1575658980000,,0.3092500019240965,22307
985,168304272,MON_20191206_190000.p5.flac,Miraflores,2019,12,Agelasticus thilius,Alternative Song,29.622857142857143,31.05668934240363,1205.859375,7235.15625,present,https://s3.amazonaws.com/arbimon2/project_2770/detections/10553/36_8.png,1575659040000,,0.3923173443738159,22307
986,168304273,MON_20191206_190000.p5.flac,Miraflores,2019,12,Agelasticus thilius,Alternative Song,50.28861678004535,51.72244897959184,1205.859375,7235.15625,present,https://s3.amazonaws.com/arbimon2/project_2770/detections/10553/36_9.png,1575659040000,,0.3464207833777135,22307
987,168304274,MON_20191206_200000.p2.flac,Miraflores,2019,12,Agelasticus thilius,Alternative Song,52.54675736961451,53.980589569161,1205.859375,7235.15625,present,https://s3.amazonaws.com/arbimon2/project_2770/detections/10553/36_10.png,1575662460000,,0.4078855931083723,22307
988,168304275,MON_20191206_200000.p2.flac,Miraflores,2019,12,Agelasticus thilius,Alternative Song,32.33378684807256,33.76761904761905,1205.859375,7235.15625,present,https://s3.amazonaws.com/arbimon2/project_2770/detections/10553/36_11.png,1575662460000,,0.3348941016257142,22307
989,168304277,MON_20191206_200000.p3.flac,Miraflores,2019,12,Agelasticus thilius,Alternative Song,31.51528344671202,32.949115646258505,1205.859375,7235.15625,present,https://s3.amazonaws.com/arbimon2/project_2770/detections/10553/36_13.png,1575662520000,,0.3540354668612974,22307
990,168304279,MON_20191206_200700.p2.flac,Miraflores,2019,12,Agelasticus thilius,Alternative Song,3.74421768707483,5.178049886621316,1205.859375,7235.15625,present,https://s3.amazonaws.com/arbimon2/project_2770/detections/10553/36_15.png,1575662880000,,0.3878311190537127,22307
991,168304280,MON_20191206_200700.p2.flac,Miraflores,2019,12,Agelasticus thilius,Alternative Song,37.9936507936508,39.42748299319728,1205.859375,7235.15625,present,https://s3.amazonaws.com/arbimon2/project_2770/detections/10553/36_16.png,1575662880000,,0.2597675135260386,22307
992,168304282,MON_20191206_200700.p4.flac,Miraflores,2019,12,Agelasticus thilius,Alternative Song,41.99328798185941,43.4271201814059,1205.859375,7235.15625,present,https://s3.amazonaws.com/arbimon2/project_2770/detections/10553/36_18.png,1575663000000,,0.4346871934922498,22307
993,168304285,MON_20191206_200700.p3.flac,Miraflores,2019,12,Agelasticus thilius,Alternative Song,35.81678004535147,37.25061224489796,1205.859375,7235.15625,present,https://s3.amazonaws.com/arbimon2/project_2770/detections/10553/36_21.png,1575662940000,,0.4067713982175969,22307
994,168304286,MON_20191206_200700.p3.flac,Miraflores,2019,12,Agelasticus thilius,Alternative Song,39.096598639455785,40.53043083900226,1205.859375,7235.15625,present,https://s3.amazonaws.com/arbimon2/project_2770/detections/10553/36_22.png,1575662940000,,0.3474441658865724,22307
995,168304290,MON_20191206_200700.p13.flac,Miraflores,2019,12,Agelasticus thilius,Alternative Song,22.366621315192745,23.800453514739228,1205.859375,7235.15625,present,https://s3.amazonaws.com/arbimon2/project_2770/detections/10553/36_26.png,1575663540000,,0.3612781565607166,22307
996,168304295,MON_20191206_200700.p14.flac,Miraflores,2019,12,Agelasticus thilius,Alternative Song,14.21061224489796,15.644444444444444,1205.859375,7235.15625,present,https://s3.amazonaws.com/arbimon2/project_2770/detections/10553/36_31.png,1575663600000,,0.3801486806974892,22307
997,168304301,MON_20191206_200700.p22.flac,Miraflores,2019,12,Agelasticus thilius,Alternative Song,34.80671201814059,36.240544217687074,1205.859375,7235.15625,present,https://s3.amazonaws.com/arbimon2/project_2770/detections/10553/36_37.png,1575664080000,,0.3994128478009275,22307
998,168304303,MON_20191206_200700.p21.flac,Miraflores,2019,12,Agelasticus thilius,Alternative Song,52.40163265306123,53.83546485260771,1205.859375,7235.15625,present,https://s3.amazonaws.com/arbimon2/project_2770/detections/10553/36_39.png,1575664020000,,0.3765529214305649,22307
999,168304304,MON_20191206_200700.p21.flac,Miraflores,2019,12,Agelasticus thilius,Alternative Song,23.06902494331066,24.502857142857145,1205.859375,7235.15625,present,https://s3.amazonaws.com/arbimon2/project_2770/detections/10553/36_40.png,1575664020000,,0.3086178291159131,22307
1000,168304306,MON_20191206_200700.p30.flac,Miraflores,2019,12,Agelasticus thilius,Alternative Song,29.04235827664399,30.476190476190474,1205.859375,7235.15625,present,https://s3.amazonaws.com/arbimon2/project_2770/detections/10553/36_42.png,1575664560000,,0.410342937237579,22307
1001,168304307,MON_20191206_200700.p31.flac,Miraflores,2019,12,Agelasticus thilius,Alternative Song,4.075102040816327,5.508934240362811,1205.859375,7235.15625,present,https://s3.amazonaws.com/arbimon2/project_2770/detections/10553/36_43.png,1575664620000,,0.361644239764489,22307
1002,168304310,MON_20191206_200700.p38.flac,Miraflores,2019,12,Agelasticus thilius,Alternative Song,7.024036281179138,8.457868480725624,1205.859375,7235.15625,present,https://s3.amazonaws.com/arbimon2/project_2770/detections/10553/36_46.png,1575665040000,,0.3124179471638831,22307
1003,168304311,MON_20191206_200700.p37.flac,Miraflores,2019,12,Agelasticus thilius,Alternative Song,26.30820861678005,27.74204081632653,1205.859375,7235.15625,present,https://s3.amazonaws.com/arbimon2/project_2770/detections/10553/36_47.png,1575664980000,,0.27997430039858,22307
1004,168304312,MON_20191206_200700.p46.flac,Miraflores,2019,12,Agelasticus thilius,Alternative Song,53.01115646258504,54.44498866213152,1205.859375,7235.15625,present,https://s3.amazonaws.com/arbimon2/project_2770/detections/10553/36_48.png,1575665520000,,0.3709236499571708,22307
1005,168304314,MON_20191206_200700.p42.flac,Miraflores,2019,12,Agelasticus thilius,Alternative Song,28.136780045351475,29.57061224489796,1205.859375,7235.15625,present,https://s3.amazonaws.com/arbimon2/project_2770/detections/10553/36_50.png,1575665280000,,0.4614404754966824,22307
1006,168304315,MON_20191206_200700.p43.flac,Miraflores,2019,12,Agelasticus thilius,Alternative Song,19.284172335600907,20.718004535147397,1205.859375,7235.15625,present,https://s3.amazonaws.com/arbimon2/project_2770/detections/10553/36_51.png,1575665340000,,0.4789359822119581,22307
1007,168304316,MON_20191206_200700.p43.flac,Miraflores,2019,12,Agelasticus thilius,Alternative Song,1.3293424036281178,2.7631746031746034,1205.859375,7235.15625,present,https://s3.amazonaws.com/arbimon2/project_2770/detections/10553/36_52.png,1575665340000,,0.4323787216747973,22307
1008,168304319,MON_20191206_200700.p51.flac,Miraflores,2019,12,Agelasticus thilius,Alternative Song,54.70040816326531,56.13424036281179,1205.859375,7235.15625,present,https://s3.amazonaws.com/arbimon2/project_2770/detections/10553/36_55.png,1575665820000,,0.3276369309605145,22307
1009,168304321,MON_20191206_210000.p3.flac,Miraflores,2019,12,Agelasticus thilius,Alternative Song,56.58702947845805,58.020861678004536,1205.859375,7235.15625,present,https://s3.amazonaws.com/arbimon2/project_2770/detections/10553/36_57.png,1575666120000,,0.300388389061594,22307
1010,168304329,MON_20191207_060000.p1.flac,Miraflores,2019,12,Agelasticus thilius,Alternative Song,12.138231292517007,13.572063492063492,1205.859375,7235.15625,present,https://s3.amazonaws.com/arbimon2/project_2770/detections/10553/36_65.png,1575698400000,,0.3896978394372631,22307
1011,168304330,MON_20191207_060000.p1.flac,Miraflores,2019,12,Agelasticus thilius,Alternative Song,52.866031746031744,54.29986394557823,1205.859375,7235.15625,present,https://s3.amazonaws.com/arbimon2/project_2770/detections/10553/36_66.png,1575698400000,,0.3488829862285765,22307
1012,168304331,MON_20191207_060000.p2.flac,Miraflores,2019,12,Agelasticus thilius,Alternative Song,24.06748299319728,25.501315192743764,1205.859375,7235.15625,present,https://s3.amazonaws.com/arbimon2/project_2770/detections/10553/36_67.png,1575698460000,,0.337653039080742,22307
1013,168304332,MON_20191207_060000.p2.flac,Miraflores,2019,12,Agelasticus thilius,Alternative Song,55.118367346938776,56.55219954648526,1205.859375,7235.15625,present,https://s3.amazonaws.com/arbimon2/project_2770/detections/10553/36_68.png,1575698460000,,0.3162326832294342,22307
1014,168304334,MON_20191207_060000.p3.flac,Miraflores,2019,12,Agelasticus thilius,Alternative Song,34.09269841269841,35.5265306122449,1205.859375,7235.15625,present,https://s3.amazonaws.com/arbimon2/project_2770/detections/10553/36_70.png,1575698520000,,0.2875284518984334,22307
1015,168304335,MON_20191207_060000.p3.flac,Miraflores,2019,12,Agelasticus thilius,Alternative Song,42.59700680272109,44.03083900226758,1205.859375,7235.15625,present,https://s3.amazonaws.com/arbimon2/project_2770/detections/10553/36_71.png,1575698520000,,0.2804616297767634,22307
1016,168304336,MON_20191207_060000.p3.flac,Miraflores,2019,12,Agelasticus thilius,Alternative Song,11.186213151927438,12.620045351473925,1205.859375,7235.15625,present,https://s3.amazonaws.com/arbimon2/project_2770/detections/10553/36_72.png,1575698520000,,0.2696606612545694,22307
1017,168304337,MON_20191207_060700.p2.flac,Miraflores,2019,12,Agelasticus thilius,Alternative Song,18.326349206349207,19.760181405895693,1205.859375,7235.15625,present,https://s3.amazonaws.com/arbimon2/project_2770/detections/10553/36_73.png,1575698880000,,0.3289592682504685,22307
1018,168304338,MON_20191207_060700.p4.flac,Miraflores,2019,12,Agelasticus thilius,Alternative Song,13.914557823129252,15.348390022675735,1205.859375,7235.15625,present,https://s3.amazonaws.com/arbimon2/project_2770/detections/10553/36_74.png,1575699000000,,0.3671786633514897,22307
1019,168304339,MON_20191207_060700.p3.flac,Miraflores,2019,12,Agelasticus thilius,Alternative Song,28.83918367346939,30.273015873015872,1205.859375,7235.15625,present,https://s3.amazonaws.com/arbimon2/project_2770/detections/10553/36_75.png,1575698940000,,0.296831756444355,22307
1020,168304340,MON_20191207_060700.p7.flac,Miraflores,2019,12,Agelasticus thilius,Alternative Song,35.619410430839004,37.05324263038549,1205.859375,7235.15625,present,https://s3.amazonaws.com/arbimon2/project_2770/detections/10553/36_76.png,1575699180000,,0.3056978941532748,22307
1021,168304342,MON_20191207_060700.p9.flac,Miraflores,2019,12,Agelasticus thilius,Alternative Song,2.3974603174603173,3.831292517006802,1205.859375,7235.15625,present,https://s3.amazonaws.com/arbimon2/project_2770/detections/10553/36_78.png,1575699300000,,0.2641004188741879,22307
1022,168304348,MON_20191207_060700.p13.flac,Miraflores,2019,12,Agelasticus thilius,Alternative Song,8.608798185941042,10.042630385487527,1205.859375,7235.15625,present,https://s3.amazonaws.com/arbimon2/project_2770/detections/10553/36_84.png,1575699540000,,0.355748729386483,22307
1023,168304349,MON_20191207_060700.p13.flac,Miraflores,2019,12,Agelasticus thilius,Alternative Song,56.11102040816326,57.54485260770975,1205.859375,7235.15625,present,https://s3.amazonaws.com/arbimon2/project_2770/detections/10553/36_85.png,1575699540000,,0.2621332380158511,22307
1024,168304350,MON_20191207_060700.p15.flac,Miraflores,2019,12,Agelasticus thilius,Alternative Song,43.95537414965986,45.38920634920635,1205.859375,7235.15625,present,https://s3.amazonaws.com/arbimon2/project_2770/detections/10553/36_86.png,1575699660000,,0.3578909382258756,22307
1025,168304352,MON_20191207_060700.p19.flac,Miraflores,2019,12,Agelasticus thilius,Alternative Song,7.157551020408163,8.591383219954649,1205.859375,7235.15625,present,https://s3.amazonaws.com/arbimon2/project_2770/detections/10553/36_88.png,1575699900000,,0.3136637414235832,22307
1026,168304362,MON_20191207_060700.p37.flac,Miraflores,2019,12,Agelasticus thilius,Alternative Song,54.36952380952381,55.80335600907029,1205.859375,7235.15625,present,https://s3.amazonaws.com/arbimon2/project_2770/detections/10553/36_98.png,1575700980000,,0.3395372224537778,22307
1027,168304364,MON_20191207_060700.p44.flac,Miraflores,2019,12,Agelasticus thilius,Alternative Song,13.2237641723356,14.657596371882086,1205.859375,7235.15625,present,https://s3.amazonaws.com/arbimon2/project_2770/detections/10553/36_100.png,1575701400000,,0.2666013118228539,22307
1028,168304367,MON_20191207_060700.p48.flac,Miraflores,2019,12,Agelasticus thilius,Alternative Song,49.2843537414966,50.71818594104308,1205.859375,7235.15625,present,https://s3.amazonaws.com/arbimon2/project_2770/detections/10553/36_103.png,1575701640000,,0.2796791132860338,22307
1029,168304371,MON_20191207_060700.p51.flac,Miraflores,2019,12,Agelasticus thilius,Alternative Song,37.90657596371882,39.34040816326531,1205.859375,7235.15625,present,https://s3.amazonaws.com/arbimon2/project_2770/detections/10553/36_107.png,1575701820000,,0.3369316379629617,22307
1030,168304374,MON_20191207_070000.p3.flac,Miraflores,2019,12,Agelasticus thilius,Alternative Song,12.863854875283447,14.297687074829932,1205.859375,7235.15625,present,https://s3.amazonaws.com/arbimon2/project_2770/detections/10553/36_110.png,1575702120000,,0.3540070754057915,22307
1031,168304375,MON_20191207_070000.p3.flac,Miraflores,2019,12,Agelasticus thilius,Alternative Song,57.86412698412698,59.29795918367347,1205.859375,7235.15625,present,https://s3.amazonaws.com/arbimon2/project_2770/detections/10553/36_111.png,1575702120000,,0.2691703668769358,22307
1032,168304380,MON_20191207_110000.p3.flac,Miraflores,2019,12,Agelasticus thilius,Alternative Song,55.118367346938776,56.55219954648526,1205.859375,7235.15625,present,https://s3.amazonaws.com/arbimon2/project_2770/detections/10553/36_116.png,1575716520000,,0.2878699597006512,22307
1033,168304381,MON_20191207_110000.p4.flac,Miraflores,2019,12,Agelasticus thilius,Alternative Song,25.849614512471657,27.28344671201814,1205.859375,7235.15625,present,https://s3.amazonaws.com/arbimon2/project_2770/detections/10553/36_117.png,1575716580000,,0.3375587857556338,22307
1034,168304388,MON_20191207_180000.p1.flac,Miraflores,2019,12,Agelasticus thilius,Alternative Song,6.91374149659864,8.347573696145124,1205.859375,7235.15625,present,https://s3.amazonaws.com/arbimon2/project_2770/detections/10553/36_124.png,1575741600000,,0.2713106141154174,22307
1035,168304395,MON_20191207_200700.p7.flac,Miraflores,2019,12,Agelasticus thilius,Alternative Song,48.69804988662131,50.1318820861678,1205.859375,7235.15625,present,https://s3.amazonaws.com/arbimon2/project_2770/detections/10553/36_131.png,1575749580000,,0.288249503312517,22307
1036,168304396,MON_20191207_200700.p6.flac,Miraflores,2019,12,Agelasticus thilius,Alternative Song,46.67791383219954,48.11174603174603,1205.859375,7235.15625,present,https://s3.amazonaws.com/arbimon2/project_2770/detections/10553/36_132.png,1575749520000,,0.3216255273041107,22307
1037,168304399,MON_20191207_200700.p8.flac,Miraflores,2019,12,Agelasticus thilius,Alternative Song,27.69560090702948,29.129433106575963,1205.859375,7235.15625,present,https://s3.amazonaws.com/arbimon2/project_2770/detections/10553/36_135.png,1575749640000,,0.2984452818612635,22307
1038,168304400,MON_20191207_200700.p13.flac,Miraflores,2019,12,Agelasticus thilius,Alternative Song,23.248979591836736,24.68281179138322,1205.859375,7235.15625,present,https://s3.amazonaws.com/arbimon2/project_2770/detections/10553/36_136.png,1575749940000,,0.4342729037633444,22307
1039,168304401,MON_20191207_200700.p11.flac,Miraflores,2019,12,Agelasticus thilius,Alternative Song,23.82367346938776,25.25750566893424,1205.859375,7235.15625,present,https://s3.amazonaws.com/arbimon2/project_2770/detections/10553/36_137.png,1575749820000,,0.2773715050324033,22307
1040,168304402,MON_20191207_200700.p12.flac,Miraflores,2019,12,Agelasticus thilius,Alternative Song,40.646530612244895,42.08036281179138,1205.859375,7235.15625,present,https://s3.amazonaws.com/arbimon2/project_2770/detections/10553/36_138.png,1575749880000,,0.3328238245812547,22307
1041,168304403,MON_20191207_200700.p12.flac,Miraflores,2019,12,Agelasticus thilius,Alternative Song,49.73133786848073,51.16517006802721,1205.859375,7235.15625,present,https://s3.amazonaws.com/arbimon2/project_2770/detections/10553/36_139.png,1575749880000,,0.3111304848865698,22307
1042,168304404,MON_20191207_200700.p14.flac,Miraflores,2019,12,Agelasticus thilius,Alternative Song,21.22303854875284,22.65687074829932,1205.859375,7235.15625,present,https://s3.amazonaws.com/arbimon2/project_2770/detections/10553/36_140.png,1575750000000,,0.2622194755461275,22307
1043,168304407,MON_20191207_200700.p16.flac,Miraflores,2019,12,Agelasticus thilius,Alternative Song,33.935963718820865,35.369795918367345,1205.859375,7235.15625,present,https://s3.amazonaws.com/arbimon2/project_2770/detections/10553/36_143.png,1575750120000,,0.3575075781352194,22307
1044,168304408,MON_20191207_200700.p16.flac,Miraflores,2019,12,Agelasticus thilius,Alternative Song,56.21551020408163,57.64934240362812,1205.859375,7235.15625,present,https://s3.amazonaws.com/arbimon2/project_2770/detections/10553/36_144.png,1575750120000,,0.2735577738466613,22307
1045,168304413,MON_20191207_200700.p29.flac,Miraflores,2019,12,Agelasticus thilius,Alternative Song,25.089160997732428,26.52299319727891,1205.859375,7235.15625,present,https://s3.amazonaws.com/arbimon2/project_2770/detections/10553/36_149.png,1575750900000,,0.3562182313561101,22307
1046,168304415,MON_20191207_200700.p30.flac,Miraflores,2019,12,Agelasticus thilius,Alternative Song,13.49079365079365,14.924625850340137,1205.859375,7235.15625,present,https://s3.amazonaws.com/arbimon2/project_2770/detections/10553/36_151.png,1575750960000,,0.3622616590454416,22307
1047,168304418,MON_20191207_200700.p32.flac,Miraflores,2019,12,Agelasticus thilius,Alternative Song,27.910385487528345,29.34421768707483,1205.859375,7235.15625,present,https://s3.amazonaws.com/arbimon2/project_2770/detections/10553/36_154.png,1575751080000,,0.3589218021414039,22307
1048,168304422,MON_20191207_200700.p33.flac,Miraflores,2019,12,Agelasticus thilius,Alternative Song,37.384126984126986,38.817959183673466,1205.859375,7235.15625,present,https://s3.amazonaws.com/arbimon2/project_2770/detections/10553/36_158.png,1575751140000,,0.3369770967160568,22307
1049,168304425,MON_20191207_200700.p35.flac,Miraflores,2019,12,Agelasticus thilius,Alternative Song,19.80081632653061,21.2346485260771,1205.859375,7235.15625,present,https://s3.amazonaws.com/arbimon2/project_2770/detections/10553/36_161.png,1575751260000,,0.385753591962972,22307
1050,168304426,MON_20191207_200700.p35.flac,Miraflores,2019,12,Agelasticus thilius,Alternative Song,1.5499319727891157,2.9837641723356008,1205.859375,7235.15625,present,https://s3.amazonaws.com/arbimon2/project_2770/detections/10553/36_162.png,1575751260000,,0.3445129174217958,22307
1051,168304429,MON_20191207_200700.p36.flac,Miraflores,2019,12,Agelasticus thilius,Alternative Song,17.79809523809524,19.231927437641723,1205.859375,7235.15625,present,https://s3.amazonaws.com/arbimon2/project_2770/detections/10553/36_165.png,1575751320000,,0.3052312881519995,22307
1052,168304438,MON_20191207_200700.p45.flac,Miraflores,2019,12,Agelasticus thilius,Alternative Song,37.65115646258504,39.08498866213152,1205.859375,7235.15625,present,https://s3.amazonaws.com/arbimon2/project_2770/detections/10553/36_174.png,1575751860000,,0.3977197769257816,22307
1053,168304439,MON_20191207_200700.p45.flac,Miraflores,2019,12,Agelasticus thilius,Alternative Song,4.1853968253968254,5.61922902494331,1205.859375,7235.15625,present,https://s3.amazonaws.com/arbimon2/project_2770/detections/10553/36_175.png,1575751860000,,0.289660698931519,22307
1054,168304441,MON_20191207_200700.p48.flac,Miraflores,2019,12,Agelasticus thilius,Alternative Song,43.502585034013606,44.93641723356009,1205.859375,7235.15625,present,https://s3.amazonaws.com/arbimon2/project_2770/detections/10553/36_177.png,1575752040000,,0.2836222760090543,22307
1055,168304443,MON_20191207_200700.p44.flac,Miraflores,2019,12,Agelasticus thilius,Alternative Song,57.83510204081632,59.26893424036281,1205.859375,7235.15625,present,https://s3.amazonaws.com/arbimon2/project_2770/detections/10553/36_179.png,1575751800000,,0.44699428706489,22307
1056,168304445,MON_20191207_200700.p46.flac,Miraflores,2019,12,Agelasticus thilius,Alternative Song,43.82766439909297,45.261496598639454,1205.859375,7235.15625,present,https://s3.amazonaws.com/arbimon2/project_2770/detections/10553/36_181.png,1575751920000,,0.422711848674984,22307
1057,168304446,MON_20191207_200700.p46.flac,Miraflores,2019,12,Agelasticus thilius,Alternative Song,21.420408163265307,22.85424036281179,1205.859375,7235.15625,present,https://s3.amazonaws.com/arbimon2/project_2770/detections/10553/36_182.png,1575751920000,,0.3341144606872333,22307
1058,168304449,MON_20191207_200700.p50.flac,Miraflores,2019,12,Agelasticus thilius,Alternative Song,42.94530612244898,44.37913832199546,1205.859375,7235.15625,present,https://s3.amazonaws.com/arbimon2/project_2770/detections/10553/36_185.png,1575752160000,,0.2806211261274658,22307
1059,168304452,MON_20191207_200700.p51.flac,Miraflores,2019,12,Agelasticus thilius,Alternative Song,35.822585034013606,37.25641723356009,1205.859375,7235.15625,present,https://s3.amazonaws.com/arbimon2/project_2770/detections/10553/36_188.png,1575752220000,,0.2598679555274841,22307
1060,168304455,MON_20191207_210000.p2.flac,Miraflores,2019,12,Agelasticus thilius,Alternative Song,29.90730158730159,31.341133786848072,1205.859375,7235.15625,present,https://s3.amazonaws.com/arbimon2/project_2770/detections/10553/36_191.png,1575752460000,,0.4436195789180041,22307
1061,168304456,MON_20191207_210000.p2.flac,Miraflores,2019,12,Agelasticus thilius,Alternative Song,53.37106575963719,54.80489795918368,1205.859375,7235.15625,present,https://s3.amazonaws.com/arbimon2/project_2770/detections/10553/36_192.png,1575752460000,,0.4067550203319306,22307
1062,168304459,MON_20191207_210000.p4.flac,Miraflores,2019,12,Agelasticus thilius,Alternative Song,44.21659863945578,45.65043083900227,1205.859375,7235.15625,present,https://s3.amazonaws.com/arbimon2/project_2770/detections/10553/36_195.png,1575752580000,,0.2612740958209283,22307
1063,168304460,MON_20191207_210000.p3.flac,Miraflores,2019,12,Agelasticus thilius,Alternative Song,11.255873015873016,12.6897052154195,1205.859375,7235.15625,present,https://s3.amazonaws.com/arbimon2/project_2770/detections/10553/36_196.png,1575752520000,,0.405900281330354,22307
1064,168304461,MON_20191207_210000.p3.flac,Miraflores,2019,12,Agelasticus thilius,Alternative Song,51.81532879818594,53.249160997732425,1205.859375,7235.15625,present,https://s3.amazonaws.com/arbimon2/project_2770/detections/10553/36_197.png,1575752520000,,0.3690669664300114,22307
1065,168304480,MON_20200114_060700.p51.flac,Miraflores,2020,1,Agelasticus thilius,Alternative Song,56.37224489795919,57.80607709750567,1205.859375,7235.15625,present,https://s3.amazonaws.com/arbimon2/project_2770/detections/10553/64_16.png,1578985020000,,0.2766317375225022,22307
1066,168304491,MON_20200115_200700.p14.flac,Miraflores,2020,1,Agelasticus thilius,Alternative Song,38.61478458049886,40.04861678004535,1205.859375,7235.15625,present,https://s3.amazonaws.com/arbimon2/project_2770/detections/10553/64_27.png,1579119600000,,0.2583604703087563,22307
1067,168304498,MON_20191108_060700.p40.flac,Miraflores,2019,11,Agelasticus thilius,Alternative Song,17.03183673469388,18.46566893424036,1205.859375,7235.15625,present,https://s3.amazonaws.com/arbimon2/project_2770/detections/10553/15_2.png,1573195560000,,0.2540912169255453,22307
1068,168304500,MON_20191108_060700.p45.flac,Miraflores,2019,11,Agelasticus thilius,Alternative Song,17.20018140589569,18.634013605442178,1205.859375,7235.15625,present,https://s3.amazonaws.com/arbimon2/project_2770/detections/10553/15_4.png,1573195860000,,0.2539695704354638,22307
1069,168304501,MON_20191108_060700.p46.flac,Miraflores,2019,11,Agelasticus thilius,Alternative Song,8.039909297052155,9.47374149659864,1205.859375,7235.15625,present,https://s3.amazonaws.com/arbimon2/project_2770/detections/10553/15_5.png,1573195920000,,0.30144053523639,22307
1070,168304503,MON_20191108_060700.p49.flac,Miraflores,2019,11,Agelasticus thilius,Alternative Song,17.821315192743764,19.25514739229025,1205.859375,7235.15625,present,https://s3.amazonaws.com/arbimon2/project_2770/detections/10553/15_7.png,1573196100000,,0.2713157294613991,22307
1071,168304506,MON_20191108_060700.p50.flac,Miraflores,2019,11,Agelasticus thilius,Alternative Song,21.286893424036283,22.72072562358277,1205.859375,7235.15625,present,https://s3.amazonaws.com/arbimon2/project_2770/detections/10553/15_10.png,1573196160000,,0.331265208800527,22307
1072,168304507,MON_20191108_060700.p50.flac,Miraflores,2019,11,Agelasticus thilius,Alternative Song,8.486893424036282,9.920725623582769,1205.859375,7235.15625,present,https://s3.amazonaws.com/arbimon2/project_2770/detections/10553/15_11.png,1573196160000,,0.26019928880543,22307
1073,168304509,MON_20191108_070000.p5.flac,Miraflores,2019,11,Agelasticus thilius,Alternative Song,35.445260770975054,36.87909297052154,1205.859375,7235.15625,present,https://s3.amazonaws.com/arbimon2/project_2770/detections/10553/15_13.png,1573196640000,,0.3371198068946354,22307
1074,168304525,MON_20191108_190000.p2.flac,Miraflores,2019,11,Agelasticus thilius,Alternative Song,30.394920634920634,31.82875283446712,1205.859375,7235.15625,present,https://s3.amazonaws.com/arbimon2/project_2770/detections/10553/15_29.png,1573239660000,,0.2722447157245355,22307
1075,168304527,MON_20191108_190000.p1.flac,Miraflores,2019,11,Agelasticus thilius,Alternative Song,28.014875283446717,29.4487074829932,1205.859375,7235.15625,present,https://s3.amazonaws.com/arbimon2/project_2770/detections/10553/15_31.png,1573239600000,,0.327141517834822,22307
1076,168304528,MON_20191108_190000.p1.flac,Miraflores,2019,11,Agelasticus thilius,Alternative Song,41.03546485260771,42.4692970521542,1205.859375,7235.15625,present,https://s3.amazonaws.com/arbimon2/project_2770/detections/10553/15_32.png,1573239600000,,0.3236093159593545,22307
1077,168304529,MON_20191108_190000.p1.flac,Miraflores,2019,11,Agelasticus thilius,Alternative Song,11.679637188208616,13.1134693877551,1205.859375,7235.15625,present,https://s3.amazonaws.com/arbimon2/project_2770/detections/10553/15_33.png,1573239600000,,0.2894987722036785,22307
1078,168304534,MON_20191108_190000.p5.flac,Miraflores,2019,11,Agelasticus thilius,Alternative Song,39.85124716553288,41.28507936507936,1205.859375,7235.15625,present,https://s3.amazonaws.com/arbimon2/project_2770/detections/10553/15_38.png,1573239840000,,0.3845844342032559,22307
1079,168304536,MON_20191108_200000.p1.flac,Miraflores,2019,11,Agelasticus thilius,Alternative Song,32.287346938775514,33.72117913832199,1205.859375,7235.15625,present,https://s3.amazonaws.com/arbimon2/project_2770/detections/10553/15_40.png,1573243200000,,0.3048921503873723,22307
1080,168304537,MON_20191108_200000.p1.flac,Miraflores,2019,11,Agelasticus thilius,Alternative Song,0.3831292517006803,1.8169614512471652,1205.859375,7235.15625,present,https://s3.amazonaws.com/arbimon2/project_2770/detections/10553/15_41.png,1573243200000,,0.2678012996630071,22307
1081,168304538,MON_20191108_200000.p1.flac,Miraflores,2019,11,Agelasticus thilius,Alternative Song,13.328253968253968,14.762086167800453,1205.859375,7235.15625,present,https://s3.amazonaws.com/arbimon2/project_2770/detections/10553/15_42.png,1573243200000,,0.2623403147560453,22307
1082,168304539,MON_20191108_200700.p9.flac,Miraflores,2019,11,Agelasticus thilius,Alternative Song,5.090975056689342,6.524807256235827,1205.859375,7235.15625,present,https://s3.amazonaws.com/arbimon2/project_2770/detections/10553/15_43.png,1573244100000,,0.3229379273252394,22307
1083,168304540,MON_20191108_200700.p9.flac,Miraflores,2019,11,Agelasticus thilius,Alternative Song,22.900680272108843,24.33451247165533,1205.859375,7235.15625,present,https://s3.amazonaws.com/arbimon2/project_2770/detections/10553/15_44.png,1573244100000,,0.3029625380948945,22307
1084,168304541,MON_20191108_200700.p9.flac,Miraflores,2019,11,Agelasticus thilius,Alternative Song,50.36408163265306,51.79791383219955,1205.859375,7235.15625,present,https://s3.amazonaws.com/arbimon2/project_2770/detections/10553/15_45.png,1573244100000,,0.2879956698283835,22307
1085,168304542,MON_20191108_200700.p13.flac,Miraflores,2019,11,Agelasticus thilius,Alternative Song,4.5859410430839,6.019773242630386,1205.859375,7235.15625,present,https://s3.amazonaws.com/arbimon2/project_2770/detections/10553/15_46.png,1573244340000,,0.2773328287945143,22307
1086,168304543,MON_20191108_200700.p14.flac,Miraflores,2019,11,Agelasticus thilius,Alternative Song,54.23020408163265,55.664036281179136,1205.859375,7235.15625,present,https://s3.amazonaws.com/arbimon2/project_2770/detections/10553/15_47.png,1573244400000,,0.3148942492956724,22307
1087,168304544,MON_20191108_200700.p14.flac,Miraflores,2019,11,Agelasticus thilius,Alternative Song,37.87174603174604,39.30557823129252,1205.859375,7235.15625,present,https://s3.amazonaws.com/arbimon2/project_2770/detections/10553/15_48.png,1573244400000,,0.307270681682702,22307
1088,168304545,MON_20191108_200700.p15.flac,Miraflores,2019,11,Agelasticus thilius,Alternative Song,25.34458049886621,26.778412698412694,1205.859375,7235.15625,present,https://s3.amazonaws.com/arbimon2/project_2770/detections/10553/15_49.png,1573244460000,,0.3378955577879696,22307
1089,168304550,MON_20191109_060700.p5.flac,Miraflores,2019,11,Agelasticus thilius,Alternative Song,55.58857142857143,57.02240362811792,1205.859375,7235.15625,present,https://s3.amazonaws.com/arbimon2/project_2770/detections/10553/15_54.png,1573279860000,,0.2552088847519488,22307
1090,168304552,MON_20191109_060700.p6.flac,Miraflores,2019,11,Agelasticus thilius,Alternative Song,20.654149659863947,22.08798185941043,1205.859375,7235.15625,present,https://s3.amazonaws.com/arbimon2/project_2770/detections/10553/15_56.png,1573279920000,,0.3038551744962645,22307
1091,168304553,MON_20191109_060700.p6.flac,Miraflores,2019,11,Agelasticus thilius,Alternative Song,10.170340136054422,11.604172335600907,1205.859375,7235.15625,present,https://s3.amazonaws.com/arbimon2/project_2770/detections/10553/15_57.png,1573279920000,,0.273813801196767,22307
1092,168304555,MON_20191109_060700.p7.flac,Miraflores,2019,11,Agelasticus thilius,Alternative Song,26.54621315192744,27.98004535147392,1205.859375,7235.15625,present,https://s3.amazonaws.com/arbimon2/project_2770/detections/10553/15_59.png,1573279980000,,0.2751667285426633,22307
1093,168304561,MON_20191109_060700.p26.flac,Miraflores,2019,11,Agelasticus thilius,Alternative Song,10.327074829931972,11.760907029478458,1205.859375,7235.15625,present,https://s3.amazonaws.com/arbimon2/project_2770/detections/10553/15_65.png,1573281120000,,0.2716429685003446,22307
1094,168304572,MON_20191109_070000.p3.flac,Miraflores,2019,11,Agelasticus thilius,Alternative Song,10.460589569160998,11.894421768707485,1205.859375,7235.15625,present,https://s3.amazonaws.com/arbimon2/project_2770/detections/10553/15_76.png,1573282920000,,0.2585719128698117,22307
1095,168304589,MON_20191202_200700.p9.flac,Miraflores,2019,12,Agelasticus thilius,Alternative Song,22.459501133786848,23.89333333333333,1205.859375,7235.15625,present,https://s3.amazonaws.com/arbimon2/project_2770/detections/10553/33_8.png,1575317700000,,0.41496586160906,22307
1096,168304594,MON_20191202_200700.p37.flac,Miraflores,2019,12,Agelasticus thilius,Alternative Song,51.42639455782313,52.86022675736962,1205.859375,7235.15625,present,https://s3.amazonaws.com/arbimon2/project_2770/detections/10553/33_13.png,1575319380000,,0.2935006131061348,22307
1097,168304595,MON_20191202_200700.p44.flac,Miraflores,2019,12,Agelasticus thilius,Alternative Song,13.467573696145124,14.90140589569161,1205.859375,7235.15625,present,https://s3.amazonaws.com/arbimon2/project_2770/detections/10553/33_14.png,1575319800000,,0.3270339284156064,22307
1098,168304597,MON_20191202_200700.p49.flac,Miraflores,2019,12,Agelasticus thilius,Alternative Song,41.40698412698413,42.84081632653061,1205.859375,7235.15625,present,https://s3.amazonaws.com/arbimon2/project_2770/detections/10553/33_16.png,1575320100000,,0.3855881624036784,22307
1099,168304598,MON_20191202_210000.p1.flac,Miraflores,2019,12,Agelasticus thilius,Alternative Song,58.11954648526077,59.55337868480726,1205.859375,7235.15625,present,https://s3.amazonaws.com/arbimon2/project_2770/detections/10553/33_17.png,1575320400000,,0.2855473471088776,22307
1100,168304599,MON_20191203_060700.p4.flac,Miraflores,2019,12,Agelasticus thilius,Alternative Song,7.024036281179138,8.457868480725624,1205.859375,7235.15625,present,https://s3.amazonaws.com/arbimon2/project_2770/detections/10553/33_18.png,1575353400000,,0.253480005172122,22307
1101,168304605,MON_20191203_060700.p31.flac,Miraflores,2019,12,Agelasticus thilius,Alternative Song,42.80598639455782,44.23981859410431,1205.859375,7235.15625,present,https://s3.amazonaws.com/arbimon2/project_2770/detections/10553/33_24.png,1575355020000,,0.2701511398444566,22307
1102,168304612,MON_20191203_200000.p5.flac,Miraflores,2019,12,Agelasticus thilius,Alternative Song,7.865759637188209,9.299591836734692,1205.859375,7235.15625,present,https://s3.amazonaws.com/arbimon2/project_2770/detections/10553/33_31.png,1575403440000,,0.2944834159636089,22307
1103,168304613,MON_20191203_200700.p4.flac,Miraflores,2019,12,Agelasticus thilius,Alternative Song,35.7297052154195,37.16353741496599,1205.859375,7235.15625,present,https://s3.amazonaws.com/arbimon2/project_2770/detections/10553/33_32.png,1575403800000,,0.258279478832765,22307
1104,168304655,MON_20191218_200700.p33.flac,Miraflores,2019,12,Agelasticus thilius,Alternative Song,18.883628117913837,20.31746031746032,1205.859375,7235.15625,present,https://s3.amazonaws.com/arbimon2/project_2770/detections/10553/45_4.png,1576701540000,,0.2743107735801794,22307
1105,168304674,MON_20191219_060000.p3.flac,Miraflores,2019,12,Agelasticus thilius,Alternative Song,31.24825396825397,32.682086167800456,1205.859375,7235.15625,present,https://s3.amazonaws.com/arbimon2/project_2770/detections/10553/45_23.png,1576735320000,,0.3197630436726614,22307
1106,168304675,MON_20191219_060000.p3.flac,Miraflores,2019,12,Agelasticus thilius,Alternative Song,5.508934240362811,6.942766439909297,1205.859375,7235.15625,present,https://s3.amazonaws.com/arbimon2/project_2770/detections/10553/45_24.png,1576735320000,,0.3173892102473876,22307
1107,168304678,MON_20191219_060000.p5.flac,Miraflores,2019,12,Agelasticus thilius,Alternative Song,33.303219954648526,34.73705215419501,1205.859375,7235.15625,present,https://s3.amazonaws.com/arbimon2/project_2770/detections/10553/45_27.png,1576735440000,,0.2903448201452858,22307
1108,168304679,MON_20191219_060000.p5.flac,Miraflores,2019,12,Agelasticus thilius,Alternative Song,9.659501133786849,11.093333333333334,1205.859375,7235.15625,present,https://s3.amazonaws.com/arbimon2/project_2770/detections/10553/45_28.png,1576735440000,,0.2554353321073068,22307
1109,168304681,MON_20191219_060700.p3.flac,Miraflores,2019,12,Agelasticus thilius,Alternative Song,25.94829931972789,27.382131519274377,1205.859375,7235.15625,present,https://s3.amazonaws.com/arbimon2/project_2770/detections/10553/45_30.png,1576735740000,,0.3650512424402738,22307
1110,168304682,MON_20191219_060700.p3.flac,Miraflores,2019,12,Agelasticus thilius,Alternative Song,8.463673469387755,9.89750566893424,1205.859375,7235.15625,present,https://s3.amazonaws.com/arbimon2/project_2770/detections/10553/45_31.png,1576735740000,,0.3152263927592418,22307
1111,168304684,MON_20191219_060700.p7.flac,Miraflores,2019,12,Agelasticus thilius,Alternative Song,51.58893424036281,53.0227664399093,1205.859375,7235.15625,present,https://s3.amazonaws.com/arbimon2/project_2770/detections/10553/45_33.png,1576735980000,,0.3844259455762787,22307
1112,168304687,MON_20191219_060700.p9.flac,Miraflores,2019,12,Agelasticus thilius,Alternative Song,50.64272108843537,52.07655328798186,1205.859375,7235.15625,present,https://s3.amazonaws.com/arbimon2/project_2770/detections/10553/45_36.png,1576736100000,,0.316233149699488,22307
1113,168304712,MON_20191219_080000.p1.flac,Miraflores,2019,12,Agelasticus thilius,Alternative Song,24.86857142857143,26.302403628117915,1205.859375,7235.15625,present,https://s3.amazonaws.com/arbimon2/project_2770/detections/10553/45_61.png,1576742400000,,0.398645040803723,22307
1114,168304717,MON_20191219_090000.p3.flac,Miraflores,2019,12,Agelasticus thilius,Alternative Song,6.414512471655329,7.848344671201814,1205.859375,7235.15625,present,https://s3.amazonaws.com/arbimon2/project_2770/detections/10553/45_66.png,1576746120000,,0.3297955013279953,22307
1115,168304725,MON_20191219_120000.p1.flac,Miraflores,2019,12,Agelasticus thilius,Alternative Song,38.83537414965986,40.26920634920635,1205.859375,7235.15625,present,https://s3.amazonaws.com/arbimon2/project_2770/detections/10553/45_74.png,1576756800000,,0.2753544022595578,22307
1116,168304726,MON_20191219_120000.p2.flac,Miraflores,2019,12,Agelasticus thilius,Alternative Song,36.1534693877551,37.58730158730159,1205.859375,7235.15625,present,https://s3.amazonaws.com/arbimon2/project_2770/detections/10553/45_75.png,1576756860000,,0.4288338102041603,22307
1117,168304734,MON_20191219_190000.p2.flac,Miraflores,2019,12,Agelasticus thilius,Alternative Song,50.18993197278912,51.6237641723356,1205.859375,7235.15625,present,https://s3.amazonaws.com/arbimon2/project_2770/detections/10553/45_83.png,1576782060000,,0.2962969219748754,22307
1118,168304737,MON_20191219_200700.p4.flac,Miraflores,2019,12,Agelasticus thilius,Alternative Song,49.48172335600907,50.91555555555556,1205.859375,7235.15625,present,https://s3.amazonaws.com/arbimon2/project_2770/detections/10553/45_86.png,1576786200000,,0.3113341392700424,22307
1119,168304739,MON_20191219_200700.p10.flac,Miraflores,2019,12,Agelasticus thilius,Alternative Song,36.90231292517007,38.33614512471655,1205.859375,7235.15625,present,https://s3.amazonaws.com/arbimon2/project_2770/detections/10553/45_88.png,1576786560000,,0.3493482769254116,22307
1120,168304741,MON_20191219_200700.p18.flac,Miraflores,2019,12,Agelasticus thilius,Alternative Song,16.4281179138322,17.861950113378686,1205.859375,7235.15625,present,https://s3.amazonaws.com/arbimon2/project_2770/detections/10553/45_90.png,1576787040000,,0.3457610036833162,22307
1121,168304742,MON_20191219_200700.p17.flac,Miraflores,2019,12,Agelasticus thilius,Alternative Song,47.42675736961451,48.860589569161,1205.859375,7235.15625,present,https://s3.amazonaws.com/arbimon2/project_2770/detections/10553/45_91.png,1576786980000,,0.263289590818631,22307
1122,168304743,MON_20191219_200700.p22.flac,Miraflores,2019,12,Agelasticus thilius,Alternative Song,43.32263038548753,44.756462585034015,1205.859375,7235.15625,present,https://s3.amazonaws.com/arbimon2/project_2770/detections/10553/45_92.png,1576787280000,,0.3614121900920654,22307
1123,168304744,MON_20191219_200700.p24.flac,Miraflores,2019,12,Agelasticus thilius,Alternative Song,55.82077097505669,57.254603174603176,1205.859375,7235.15625,present,https://s3.amazonaws.com/arbimon2/project_2770/detections/10553/45_93.png,1576787400000,,0.3545065352261868,22307
1124,168304745,MON_20191219_200700.p26.flac,Miraflores,2019,12,Agelasticus thilius,Alternative Song,42.63183673469388,44.06566893424037,1205.859375,7235.15625,present,https://s3.amazonaws.com/arbimon2/project_2770/detections/10553/45_94.png,1576787520000,,0.3452231463903584,22307
1125,168304746,MON_20191219_200700.p26.flac,Miraflores,2019,12,Agelasticus thilius,Alternative Song,53.69614512471655,55.12997732426304,1205.859375,7235.15625,present,https://s3.amazonaws.com/arbimon2/project_2770/detections/10553/45_95.png,1576787520000,,0.3236138328979626,22307
1126,168304756,MON_20191201_060700.p23.flac,Miraflores,2019,12,Agelasticus thilius,Alternative Song,6.339047619047619,7.772879818594104,1205.859375,7235.15625,present,https://s3.amazonaws.com/arbimon2/project_2770/detections/10553/32_3.png,1575181740000,,0.2917300746059415,22307
1127,168304761,MON_20191201_060700.p27.flac,Miraflores,2019,12,Agelasticus thilius,Alternative Song,54.06766439909297,55.501496598639456,1205.859375,7235.15625,present,https://s3.amazonaws.com/arbimon2/project_2770/detections/10553/32_8.png,1575181980000,,0.2795710640850565,22307
1128,168304763,MON_20191201_060700.p28.flac,Miraflores,2019,12,Agelasticus thilius,Alternative Song,15.882448979591835,17.316281179138322,1205.859375,7235.15625,present,https://s3.amazonaws.com/arbimon2/project_2770/detections/10553/32_10.png,1575182040000,,0.2941524417301142,22307
1129,168304769,MON_20191201_060700.p39.flac,Miraflores,2019,12,Agelasticus thilius,Alternative Song,1.921451247165533,3.355283446712018,1205.859375,7235.15625,present,https://s3.amazonaws.com/arbimon2/project_2770/detections/10553/32_16.png,1575182700000,,0.264479769845854,22307
1130,168304772,MON_20191201_070000.p4.flac,Miraflores,2019,12,Agelasticus thilius,Alternative Song,19.313197278911563,20.74702947845805,1205.859375,7235.15625,present,https://s3.amazonaws.com/arbimon2/project_2770/detections/10553/32_19.png,1575183780000,,0.3839013095707425,22307
1131,168304775,MON_20191201_110000.p1.flac,Miraflores,2019,12,Agelasticus thilius,Alternative Song,12.254331065759636,13.688163265306123,1205.859375,7235.15625,present,https://s3.amazonaws.com/arbimon2/project_2770/detections/10553/32_22.png,1575198000000,,0.3681608557841686,22307
1132,168304780,MON_20191201_160000.p1.flac,Miraflores,2019,12,Agelasticus thilius,Alternative Song,36.23473922902495,37.66857142857143,1205.859375,7235.15625,present,https://s3.amazonaws.com/arbimon2/project_2770/detections/10553/32_27.png,1575216000000,,0.3732693988236409,22307
1133,168304793,MON_20191201_180000.p4.flac,Miraflores,2019,12,Agelasticus thilius,Alternative Song,49.44689342403628,50.88072562358277,1205.859375,7235.15625,present,https://s3.amazonaws.com/arbimon2/project_2770/detections/10553/32_40.png,1575223380000,,0.3438993328932115,22307
1134,168304794,MON_20191201_180000.p4.flac,Miraflores,2019,12,Agelasticus thilius,Alternative Song,14.733061224489797,16.16689342403628,1205.859375,7235.15625,present,https://s3.amazonaws.com/arbimon2/project_2770/detections/10553/32_41.png,1575223380000,,0.2874674329187814,22307
1135,168304799,MON_20191201_180000.p5.flac,Miraflores,2019,12,Agelasticus thilius,Alternative Song,53.39428571428572,54.8281179138322,1205.859375,7235.15625,present,https://s3.amazonaws.com/arbimon2/project_2770/detections/10553/32_46.png,1575223440000,,0.3190570915481939,22307
1136,168304802,MON_20191201_190000.p1.flac,Miraflores,2019,12,Agelasticus thilius,Alternative Song,10.454784580498869,11.888616780045352,1205.859375,7235.15625,present,https://s3.amazonaws.com/arbimon2/project_2770/detections/10553/32_49.png,1575226800000,,0.2804033084724825,22307
1137,168304817,MON_20191201_200700.p13.flac,Miraflores,2019,12,Agelasticus thilius,Alternative Song,5.625034013605442,7.058866213151927,1205.859375,7235.15625,present,https://s3.amazonaws.com/arbimon2/project_2770/detections/10553/32_64.png,1575231540000,,0.2530721687754423,22307
1138,168304827,MON_20191201_200700.p35.flac,Miraflores,2019,12,Agelasticus thilius,Alternative Song,9.729160997732428,11.162993197278912,1205.859375,7235.15625,present,https://s3.amazonaws.com/arbimon2/project_2770/detections/10553/32_74.png,1575232860000,,0.3100546059991381,22307
1139,168304828,MON_20191201_200700.p37.flac,Miraflores,2019,12,Agelasticus thilius,Alternative Song,53.1156462585034,54.54947845804989,1205.859375,7235.15625,present,https://s3.amazonaws.com/arbimon2/project_2770/detections/10553/32_75.png,1575232980000,,0.293063679346474,22307
1140,168304836,MON_20191201_200700.p41.flac,Miraflores,2019,12,Agelasticus thilius,Alternative Song,39.28235827664399,40.71619047619048,1205.859375,7235.15625,present,https://s3.amazonaws.com/arbimon2/project_2770/detections/10553/32_83.png,1575233220000,,0.3209434529776094,22307
1141,168304837,MON_20191201_200700.p41.flac,Miraflores,2019,12,Agelasticus thilius,Alternative Song,51.65859410430839,53.09242630385488,1205.859375,7235.15625,present,https://s3.amazonaws.com/arbimon2/project_2770/detections/10553/32_84.png,1575233220000,,0.2980253205116407,22307
1142,168304840,MON_20191201_200700.p40.flac,Miraflores,2019,12,Agelasticus thilius,Alternative Song,57.74222222222223,59.176054421768704,1205.859375,7235.15625,present,https://s3.amazonaws.com/arbimon2/project_2770/detections/10553/32_87.png,1575233160000,,0.3486423626000389,22307
1143,168304841,MON_20191201_200700.p40.flac,Miraflores,2019,12,Agelasticus thilius,Alternative Song,25.71609977324263,27.14993197278912,1205.859375,7235.15625,present,https://s3.amazonaws.com/arbimon2/project_2770/detections/10553/32_88.png,1575233160000,,0.3099273338046959,22307
1144,168304842,MON_20191201_200700.p40.flac,Miraflores,2019,12,Agelasticus thilius,Alternative Song,20.718004535147397,22.15183673469388,1205.859375,7235.15625,present,https://s3.amazonaws.com/arbimon2/project_2770/detections/10553/32_89.png,1575233160000,,0.2738516510280743,22307
1145,168304843,MON_20191201_200700.p51.flac,Miraflores,2019,12,Agelasticus thilius,Alternative Song,31.06829931972789,32.50213151927438,1205.859375,7235.15625,present,https://s3.amazonaws.com/arbimon2/project_2770/detections/10553/32_90.png,1575233820000,,0.3520903618318231,22307
1146,168304844,MON_20191201_200700.p51.flac,Miraflores,2019,12,Agelasticus thilius,Alternative Song,57.475192743764175,58.909024943310655,1205.859375,7235.15625,present,https://s3.amazonaws.com/arbimon2/project_2770/detections/10553/32_91.png,1575233820000,,0.3324847470339523,22307
1147,168304845,MON_20191201_200700.p51.flac,Miraflores,2019,12,Agelasticus thilius,Alternative Song,11.6215873015873,13.055419501133787,1205.859375,7235.15625,present,https://s3.amazonaws.com/arbimon2/project_2770/detections/10553/32_92.png,1575233820000,,0.3292774898496794,22307
1148,168304847,MON_20191201_200700.p50.flac,Miraflores,2019,12,Agelasticus thilius,Alternative Song,41.1631746031746,42.59700680272109,1205.859375,7235.15625,present,https://s3.amazonaws.com/arbimon2/project_2770/detections/10553/32_94.png,1575233760000,,0.3770152831140339,22307
1149,168304848,MON_20191201_200700.p50.flac,Miraflores,2019,12,Agelasticus thilius,Alternative Song,23.661133786848072,25.09496598639456,1205.859375,7235.15625,present,https://s3.amazonaws.com/arbimon2/project_2770/detections/10553/32_95.png,1575233760000,,0.3536823283057659,22307
1150,168304849,MON_20191201_210000.p5.flac,Miraflores,2019,12,Agelasticus thilius,Alternative Song,54.74104308390023,56.17487528344671,1205.859375,7235.15625,present,https://s3.amazonaws.com/arbimon2/project_2770/detections/10553/32_96.png,1575234240000,,0.3471940299832701,22307
1151,168304850,MON_20191202_060000.p1.flac,Miraflores,2019,12,Agelasticus thilius,Alternative Song,55.04290249433107,56.47673469387755,1205.859375,7235.15625,present,https://s3.amazonaws.com/arbimon2/project_2770/detections/10553/32_97.png,1575266400000,,0.3472025345997425,22307
1152,168304851,MON_20191202_060700.p6.flac,Miraflores,2019,12,Agelasticus thilius,Alternative Song,54.42176870748299,55.85560090702948,1205.859375,7235.15625,present,https://s3.amazonaws.com/arbimon2/project_2770/detections/10553/32_98.png,1575267120000,,0.2997814466508058,22307
1153,168304852,MON_20191202_060700.p5.flac,Miraflores,2019,12,Agelasticus thilius,Alternative Song,57.51002267573696,58.94385487528345,1205.859375,7235.15625,present,https://s3.amazonaws.com/arbimon2/project_2770/detections/10553/32_99.png,1575267060000,,0.3238236771905103,22307
1154,168304858,MON_20191202_060700.p12.flac,Miraflores,2019,12,Agelasticus thilius,Alternative Song,25.588390022675732,27.022222222222226,1205.859375,7235.15625,present,https://s3.amazonaws.com/arbimon2/project_2770/detections/10553/32_105.png,1575267480000,,0.3255308267581557,22307
1155,168304859,MON_20191202_060700.p12.flac,Miraflores,2019,12,Agelasticus thilius,Alternative Song,39.212698412698415,40.646530612244895,1205.859375,7235.15625,present,https://s3.amazonaws.com/arbimon2/project_2770/detections/10553/32_106.png,1575267480000,,0.2626727569520641,22307
1156,168304861,MON_20191202_060700.p13.flac,Miraflores,2019,12,Agelasticus thilius,Alternative Song,52.35519274376417,53.78902494331066,1205.859375,7235.15625,present,https://s3.amazonaws.com/arbimon2/project_2770/detections/10553/32_108.png,1575267540000,,0.3064304062455064,22307
1157,168304864,MON_20191202_060700.p14.flac,Miraflores,2019,12,Agelasticus thilius,Alternative Song,25.02530612244898,26.459138321995464,1205.859375,7235.15625,present,https://s3.amazonaws.com/arbimon2/project_2770/detections/10553/32_111.png,1575267600000,,0.3250391629047519,22307
1158,168304865,MON_20191202_060700.p14.flac,Miraflores,2019,12,Agelasticus thilius,Alternative Song,46.939138321995465,48.37297052154195,1205.859375,7235.15625,present,https://s3.amazonaws.com/arbimon2/project_2770/detections/10553/32_112.png,1575267600000,,0.2968528831154655,22307
1159,168304866,MON_20191202_060700.p14.flac,Miraflores,2019,12,Agelasticus thilius,Alternative Song,1.050702947845805,2.48453514739229,1205.859375,7235.15625,present,https://s3.amazonaws.com/arbimon2/project_2770/detections/10553/32_113.png,1575267600000,,0.2626018429978276,22307
1160,168304867,MON_20191202_060700.p15.flac,Miraflores,2019,12,Agelasticus thilius,Alternative Song,40.1298866213152,41.56371882086168,1205.859375,7235.15625,present,https://s3.amazonaws.com/arbimon2/project_2770/detections/10553/32_114.png,1575267660000,,0.2819843886616345,22307
1161,168304889,MON_20191202_070000.p4.flac,Miraflores,2019,12,Agelasticus thilius,Alternative Song,35.2130612244898,36.64689342403628,1205.859375,7235.15625,present,https://s3.amazonaws.com/arbimon2/project_2770/detections/10553/32_136.png,1575270180000,,0.3498313807017322,22307
1162,168304896,MON_20191228_060700.p36.flac,Miraflores,2019,12,Agelasticus thilius,Alternative Song,12.695510204081632,14.12934240362812,1205.859375,7235.15625,present,https://s3.amazonaws.com/arbimon2/project_2770/detections/10553/52_1.png,1577515320000,,0.2786862619514342,22307
1163,168304900,MON_20191228_060700.p51.flac,Miraflores,2019,12,Agelasticus thilius,Alternative Song,11.969886621315192,13.40371882086168,1205.859375,7235.15625,present,https://s3.amazonaws.com/arbimon2/project_2770/detections/10553/52_5.png,1577516220000,,0.2744078576130949,22307
1164,168304903,MON_20191228_090000.p3.flac,Miraflores,2019,12,Agelasticus thilius,Alternative Song,23.34766439909297,24.781496598639457,1205.859375,7235.15625,present,https://s3.amazonaws.com/arbimon2/project_2770/detections/10553/52_8.png,1577523720000,,0.2549972136598275,22307
1165,168304904,MON_20191228_090000.p2.flac,Miraflores,2019,12,Agelasticus thilius,Alternative Song,0.5166439909297053,1.9504761904761905,1205.859375,7235.15625,present,https://s3.amazonaws.com/arbimon2/project_2770/detections/10553/52_9.png,1577523660000,,0.2598217163893376,22307
1166,168304912,MON_20191228_160000.p3.flac,Miraflores,2019,12,Agelasticus thilius,Alternative Song,8.765532879818593,10.19936507936508,1205.859375,7235.15625,present,https://s3.amazonaws.com/arbimon2/project_2770/detections/10553/52_17.png,1577548920000,,0.2696429973410415,22307
1167,168304914,MON_20191228_180000.p2.flac,Miraflores,2019,12,Agelasticus thilius,Alternative Song,35.973514739229024,37.40734693877551,1205.859375,7235.15625,present,https://s3.amazonaws.com/arbimon2/project_2770/detections/10553/52_19.png,1577556060000,,0.3360751457152613,22307
1168,168304929,MON_20191228_200700.p30.flac,Miraflores,2019,12,Agelasticus thilius,Alternative Song,25.280725623582768,26.71455782312925,1205.859375,7235.15625,present,https://s3.amazonaws.com/arbimon2/project_2770/detections/10553/52_34.png,1577565360000,,0.28545988582556,22307
1169,168304930,MON_20191228_200700.p30.flac,Miraflores,2019,12,Agelasticus thilius,Alternative Song,36.57142857142857,38.005260770975056,1205.859375,7235.15625,present,https://s3.amazonaws.com/arbimon2/project_2770/detections/10553/52_35.png,1577565360000,,0.2745829889578926,22307
1170,168304932,MON_20191228_200700.p28.flac,Miraflores,2019,12,Agelasticus thilius,Alternative Song,42.48671201814059,43.92054421768707,1205.859375,7235.15625,present,https://s3.amazonaws.com/arbimon2/project_2770/detections/10553/52_37.png,1577565240000,,0.2899900882531739,22307
1171,168304933,MON_20191228_200700.p33.flac,Miraflores,2019,12,Agelasticus thilius,Alternative Song,10.356099773242631,11.789931972789116,1205.859375,7235.15625,present,https://s3.amazonaws.com/arbimon2/project_2770/detections/10553/52_38.png,1577565540000,,0.3206369065916456,22307
1172,168304934,MON_20191228_200700.p32.flac,Miraflores,2019,12,Agelasticus thilius,Alternative Song,44.37913832199546,45.81297052154195,1205.859375,7235.15625,present,https://s3.amazonaws.com/arbimon2/project_2770/detections/10553/52_39.png,1577565480000,,0.3093641681117565,22307
1173,168304937,MON_20191228_200700.p31.flac,Miraflores,2019,12,Agelasticus thilius,Alternative Song,49.8184126984127,51.25224489795919,1205.859375,7235.15625,present,https://s3.amazonaws.com/arbimon2/project_2770/detections/10553/52_42.png,1577565420000,,0.2836055995400099,22307
1174,168304940,MON_20191228_200700.p34.flac,Miraflores,2019,12,Agelasticus thilius,Alternative Song,28.757913832199545,30.19174603174603,1205.859375,7235.15625,present,https://s3.amazonaws.com/arbimon2/project_2770/detections/10553/52_45.png,1577565600000,,0.3685121819498504,22307
1175,168304941,MON_20191228_200700.p34.flac,Miraflores,2019,12,Agelasticus thilius,Alternative Song,58.54911564625851,59.982947845804986,1205.859375,7235.15625,present,https://s3.amazonaws.com/arbimon2/project_2770/detections/10553/52_46.png,1577565600000,,0.3347640150904227,22307
1176,168304943,MON_20191228_200700.p35.flac,Miraflores,2019,12,Agelasticus thilius,Alternative Song,26.79002267573696,28.223854875283447,1205.859375,7235.15625,present,https://s3.amazonaws.com/arbimon2/project_2770/detections/10553/52_48.png,1577565660000,,0.3676000354844284,22307
1177,168304946,MON_20191228_200700.p36.flac,Miraflores,2019,12,Agelasticus thilius,Alternative Song,30.26721088435374,31.701043083900228,1205.859375,7235.15625,present,https://s3.amazonaws.com/arbimon2/project_2770/detections/10553/52_51.png,1577565720000,,0.3522286654299352,22307
1178,168304947,MON_20191228_200700.p36.flac,Miraflores,2019,12,Agelasticus thilius,Alternative Song,52.552562358276646,53.98639455782313,1205.859375,7235.15625,present,https://s3.amazonaws.com/arbimon2/project_2770/detections/10553/52_52.png,1577565720000,,0.3367364866867709,22307
1179,168304948,MON_20191228_200700.p36.flac,Miraflores,2019,12,Agelasticus thilius,Alternative Song,37.26222222222222,38.69605442176871,1205.859375,7235.15625,present,https://s3.amazonaws.com/arbimon2/project_2770/detections/10553/52_53.png,1577565720000,,0.2615227972254937,22307
1180,168304949,MON_20191228_200700.p37.flac,Miraflores,2019,12,Agelasticus thilius,Alternative Song,21.78612244897959,23.21995464852608,1205.859375,7235.15625,present,https://s3.amazonaws.com/arbimon2/project_2770/detections/10553/52_54.png,1577565780000,,0.4418558801595566,22307
1181,168304954,MON_20191228_200700.p38.flac,Miraflores,2019,12,Agelasticus thilius,Alternative Song,22.14022675736961,23.5740589569161,1205.859375,7235.15625,present,https://s3.amazonaws.com/arbimon2/project_2770/detections/10553/52_59.png,1577565840000,,0.2765040699568727,22307
1182,168304955,MON_20191228_200700.p42.flac,Miraflores,2019,12,Agelasticus thilius,Alternative Song,50.944580498866216,52.378412698412696,1205.859375,7235.15625,present,https://s3.amazonaws.com/arbimon2/project_2770/detections/10553/52_60.png,1577566080000,,0.2911082948010863,22307
1183,168304956,MON_20191228_200700.p42.flac,Miraflores,2019,12,Agelasticus thilius,Alternative Song,19.80081632653061,21.2346485260771,1205.859375,7235.15625,present,https://s3.amazonaws.com/arbimon2/project_2770/detections/10553/52_61.png,1577566080000,,0.2809769268145164,22307
1184,168304958,MON_20191228_200700.p44.flac,Miraflores,2019,12,Agelasticus thilius,Alternative Song,15.371609977324264,16.80544217687075,1205.859375,7235.15625,present,https://s3.amazonaws.com/arbimon2/project_2770/detections/10553/52_63.png,1577566200000,,0.253684648398911,22307
1185,168304960,MON_20191228_200700.p44.flac,Miraflores,2019,12,Agelasticus thilius,Alternative Song,0.893968253968254,2.3278004535147394,1205.859375,7235.15625,present,https://s3.amazonaws.com/arbimon2/project_2770/detections/10553/52_65.png,1577566200000,,0.2001073168683034,22307
1186,168304961,MON_20191228_200700.p45.flac,Miraflores,2019,12,Agelasticus thilius,Alternative Song,50.23637188208617,51.670204081632654,1205.859375,7235.15625,present,https://s3.amazonaws.com/arbimon2/project_2770/detections/10553/52_66.png,1577566260000,,0.2858935211441785,22307
1187,168304962,MON_20191228_200700.p43.flac,Miraflores,2019,12,Agelasticus thilius,Alternative Song,11.522902494331063,12.956734693877552,1205.859375,7235.15625,present,https://s3.amazonaws.com/arbimon2/project_2770/detections/10553/52_67.png,1577566140000,,0.276717065662377,22307
1188,168304963,MON_20191228_200700.p46.flac,Miraflores,2019,12,Agelasticus thilius,Alternative Song,20.526439909297054,21.960272108843537,1205.859375,7235.15625,present,https://s3.amazonaws.com/arbimon2/project_2770/detections/10553/52_68.png,1577566320000,,0.2726637533402557,22307
1189,168304964,MON_20191228_200700.p47.flac,Miraflores,2019,12,Agelasticus thilius,Alternative Song,3.761632653061224,5.19546485260771,1205.859375,7235.15625,present,https://s3.amazonaws.com/arbimon2/project_2770/detections/10553/52_69.png,1577566380000,,0.2603973930152324,22307
1190,168304967,MON_20191228_210000.p2.flac,Miraflores,2019,12,Agelasticus thilius,Alternative Song,23.1502947845805,24.584126984126986,1205.859375,7235.15625,present,https://s3.amazonaws.com/arbimon2/project_2770/detections/10553/52_72.png,1577566860000,,0.2693588994251991,22307
1191,168304968,MON_20191228_210000.p3.flac,Miraflores,2019,12,Agelasticus thilius,Alternative Song,4.673015873015873,6.106848072562358,1205.859375,7235.15625,present,https://s3.amazonaws.com/arbimon2/project_2770/detections/10553/52_73.png,1577566920000,,0.2757687156044676,22307
1192,168304970,MON_20191228_210000.p1.flac,Miraflores,2019,12,Agelasticus thilius,Alternative Song,33.85469387755102,35.28852607709751,1205.859375,7235.15625,present,https://s3.amazonaws.com/arbimon2/project_2770/detections/10553/52_75.png,1577566800000,,0.2728306378007933,22307
1193,168304974,MON_20191229_060000.p2.flac,Miraflores,2019,12,Agelasticus thilius,Alternative Song,49.60943310657596,51.04326530612245,1205.859375,7235.15625,present,https://s3.amazonaws.com/arbimon2/project_2770/detections/10553/52_79.png,1577599260000,,0.2979628894255024,22307
1194,168304988,MON_20191229_060700.p32.flac,Miraflores,2019,12,Agelasticus thilius,Alternative Song,34.24362811791383,35.67746031746032,1205.859375,7235.15625,present,https://s3.amazonaws.com/arbimon2/project_2770/detections/10553/52_93.png,1577601480000,,0.3892726362672984,22307
1195,168304991,MON_20191229_060700.p35.flac,Miraflores,2019,12,Agelasticus thilius,Alternative Song,6.321632653061225,7.75546485260771,1205.859375,7235.15625,present,https://s3.amazonaws.com/arbimon2/project_2770/detections/10553/52_96.png,1577601660000,,0.3555626689865818,22307
1196,168304992,MON_20191229_060700.p35.flac,Miraflores,2019,12,Agelasticus thilius,Alternative Song,14.309297052154196,15.74312925170068,1205.859375,7235.15625,present,https://s3.amazonaws.com/arbimon2/project_2770/detections/10553/52_97.png,1577601660000,,0.294792133451026,22307
1197,168304994,MON_20191229_060700.p38.flac,Miraflores,2019,12,Agelasticus thilius,Alternative Song,46.35863945578231,47.7924716553288,1205.859375,7235.15625,present,https://s3.amazonaws.com/arbimon2/project_2770/detections/10553/52_99.png,1577601840000,,0.3873518408918837,22307
1198,168305000,MON_20191229_060700.p40.flac,Miraflores,2019,12,Agelasticus thilius,Alternative Song,17.902585034013605,19.33641723356009,1205.859375,7235.15625,present,https://s3.amazonaws.com/arbimon2/project_2770/detections/10553/52_105.png,1577601960000,,0.2650305977072947,22307
1199,168305005,MON_20191229_060700.p42.flac,Miraflores,2019,12,Agelasticus thilius,Alternative Song,26.070204081632653,27.50403628117914,1205.859375,7235.15625,present,https://s3.amazonaws.com/arbimon2/project_2770/detections/10553/52_110.png,1577602080000,,0.2882318408719692,22307
1200,168305030,MON_20191125_200700.p30.flac,Miraflores,2019,11,Agelasticus thilius,Alternative Song,32.287346938775514,33.72117913832199,1205.859375,7235.15625,present,https://s3.amazonaws.com/arbimon2/project_2770/detections/10553/28_0.png,1574714160000,,0.3573256015513041,22307
1201,168305031,MON_20191125_200700.p30.flac,Miraflores,2019,11,Agelasticus thilius,Alternative Song,55.18222222222222,56.61605442176871,1205.859375,7235.15625,present,https://s3.amazonaws.com/arbimon2/project_2770/detections/10553/28_1.png,1574714160000,,0.3374995748323395,22307
1202,168305036,MON_20191126_060000.p2.flac,Miraflores,2019,11,Agelasticus thilius,Alternative Song,37.70340136054422,39.13723356009071,1205.859375,7235.15625,present,https://s3.amazonaws.com/arbimon2/project_2770/detections/10553/28_6.png,1574748060000,,0.2867297213613097,22307
1203,168305039,MON_20191126_060000.p4.flac,Miraflores,2019,11,Agelasticus thilius,Alternative Song,17.554285714285715,18.9881179138322,1205.859375,7235.15625,present,https://s3.amazonaws.com/arbimon2/project_2770/detections/10553/28_9.png,1574748180000,,0.2796984431641892,22307
1204,168305040,MON_20191126_060000.p4.flac,Miraflores,2019,11,Agelasticus thilius,Alternative Song,50.27120181405896,51.70503401360544,1205.859375,7235.15625,present,https://s3.amazonaws.com/arbimon2/project_2770/detections/10553/28_10.png,1574748180000,,0.2594782777061553,22307
1205,168305041,MON_20191126_060000.p3.flac,Miraflores,2019,11,Agelasticus thilius,Alternative Song,42.77115646258503,44.20498866213152,1205.859375,7235.15625,present,https://s3.amazonaws.com/arbimon2/project_2770/detections/10553/28_11.png,1574748120000,,0.2889965065576633,22307
1206,168305060,MON_20191126_100000.p1.flac,Miraflores,2019,11,Agelasticus thilius,Alternative Song,45.73750566893424,47.17133786848073,1205.859375,7235.15625,present,https://s3.amazonaws.com/arbimon2/project_2770/detections/10553/28_30.png,1574762400000,,0.3920313229181842,22307
1207,168305061,MON_20191126_100000.p1.flac,Miraflores,2019,11,Agelasticus thilius,Alternative Song,12.178866213151927,13.612698412698412,1205.859375,7235.15625,present,https://s3.amazonaws.com/arbimon2/project_2770/detections/10553/28_31.png,1574762400000,,0.3727815470035076,22307
1208,168305062,MON_20191126_100000.p1.flac,Miraflores,2019,11,Agelasticus thilius,Alternative Song,25.44907029478458,26.882902494331063,1205.859375,7235.15625,present,https://s3.amazonaws.com/arbimon2/project_2770/detections/10553/28_32.png,1574762400000,,0.3205324170133145,22307
1209,168305063,MON_20191126_100000.p2.flac,Miraflores,2019,11,Agelasticus thilius,Alternative Song,0.6327437641723356,2.066575963718821,1205.859375,7235.15625,present,https://s3.amazonaws.com/arbimon2/project_2770/detections/10553/28_33.png,1574762460000,,0.2623950397835489,22307
1210,168305071,MON_20191126_130000.p3.flac,Miraflores,2019,11,Agelasticus thilius,Alternative Song,38.07492063492064,39.50875283446712,1205.859375,7235.15625,present,https://s3.amazonaws.com/arbimon2/project_2770/detections/10553/28_41.png,1574773320000,,0.3660231198525078,22307
1211,168305072,MON_20191126_130000.p4.flac,Miraflores,2019,11,Agelasticus thilius,Alternative Song,4.713650793650793,6.147482993197279,1205.859375,7235.15625,present,https://s3.amazonaws.com/arbimon2/project_2770/detections/10553/28_42.png,1574773380000,,0.3099591078951588,22307
1212,168305084,MON_20191126_180000.p2.flac,Miraflores,2019,11,Agelasticus thilius,Alternative Song,24.49124716553288,25.92507936507937,1205.859375,7235.15625,present,https://s3.amazonaws.com/arbimon2/project_2770/detections/10553/28_54.png,1574791260000,,0.2914977017225911,22307
1213,168305085,MON_20191126_190000.p1.flac,Miraflores,2019,11,Agelasticus thilius,Alternative Song,10.425759637188207,11.859591836734694,1205.859375,7235.15625,present,https://s3.amazonaws.com/arbimon2/project_2770/detections/10553/28_55.png,1574794800000,,0.269221382047513,22307
1214,168305087,MON_20191126_200700.p15.flac,Miraflores,2019,11,Agelasticus thilius,Alternative Song,0.8533333333333334,2.2871655328798184,1205.859375,7235.15625,present,https://s3.amazonaws.com/arbimon2/project_2770/detections/10553/28_57.png,1574799660000,,0.2885187766702378,22307
1215,168305094,MON_20191126_200700.p25.flac,Miraflores,2019,11,Agelasticus thilius,Alternative Song,13.99002267573696,15.423854875283446,1205.859375,7235.15625,present,https://s3.amazonaws.com/arbimon2/project_2770/detections/10553/28_64.png,1574800260000,,0.3733631207318978,22307
1216,168305096,MON_20191126_200700.p27.flac,Miraflores,2019,11,Agelasticus thilius,Alternative Song,31.381768707482998,32.81560090702948,1205.859375,7235.15625,present,https://s3.amazonaws.com/arbimon2/project_2770/detections/10553/28_66.png,1574800380000,,0.2644140705050393,22307
1217,168305099,MON_20191126_200700.p32.flac,Miraflores,2019,11,Agelasticus thilius,Alternative Song,40.88453514739229,42.31836734693878,1205.859375,7235.15625,present,https://s3.amazonaws.com/arbimon2/project_2770/detections/10553/28_69.png,1574800680000,,0.4104167265312646,22307
1218,168305101,MON_20191126_200700.p31.flac,Miraflores,2019,11,Agelasticus thilius,Alternative Song,9.36344671201814,10.797278911564623,1205.859375,7235.15625,present,https://s3.amazonaws.com/arbimon2/project_2770/detections/10553/28_71.png,1574800620000,,0.2848265032885327,22307
1219,168305104,MON_20191126_200700.p36.flac,Miraflores,2019,11,Agelasticus thilius,Alternative Song,16.91573696145125,18.34956916099773,1205.859375,7235.15625,present,https://s3.amazonaws.com/arbimon2/project_2770/detections/10553/28_74.png,1574800920000,,0.2557799321861899,22307
1220,168305108,MON_20191126_200700.p49.flac,Miraflores,2019,11,Agelasticus thilius,Alternative Song,39.746757369614514,41.180589569161,1205.859375,7235.15625,present,https://s3.amazonaws.com/arbimon2/project_2770/detections/10553/28_78.png,1574801700000,,0.269935764992771,22307
1221,168305111,MON_20191127_060000.p1.flac,Miraflores,2019,11,Agelasticus thilius,Alternative Song,53.10403628117914,54.53786848072562,1205.859375,7235.15625,present,https://s3.amazonaws.com/arbimon2/project_2770/detections/10553/28_81.png,1574834400000,,0.2798362825803116,22307
1222,168305148,MON_20200124_200700.p7.flac,Miraflores,2020,1,Agelasticus thilius,Alternative Song,9.456326530612245,10.89015873015873,1205.859375,7235.15625,present,https://s3.amazonaws.com/arbimon2/project_2770/detections/10553/71_32.png,1579896780000,,0.2537031176745596,22307
1223,168305155,MON_20200125_060700.p48.flac,Miraflores,2020,1,Agelasticus thilius,Alternative Song,16.39328798185941,17.827120181405895,1205.859375,7235.15625,present,https://s3.amazonaws.com/arbimon2/project_2770/detections/10553/71_39.png,1579935240000,,0.2687760630524378,22307
1224,168305156,MON_20200125_060700.p48.flac,Miraflores,2020,1,Agelasticus thilius,Alternative Song,44.26303854875283,45.69687074829932,1205.859375,7235.15625,present,https://s3.amazonaws.com/arbimon2/project_2770/detections/10553/71_40.png,1579935240000,,0.2604514384196992,22307
1225,168305162,MON_20191208_060000.p1.flac,Miraflores,2019,12,Agelasticus thilius,Alternative Song,31.730068027210883,33.16390022675737,1205.859375,7235.15625,present,https://s3.amazonaws.com/arbimon2/project_2770/detections/10553/37_1.png,1575784800000,,0.2603518826212611,22307
1226,168305167,MON_20191208_060000.p5.flac,Miraflores,2019,12,Agelasticus thilius,Alternative Song,57.94539682539683,59.379229024943314,1205.859375,7235.15625,present,https://s3.amazonaws.com/arbimon2/project_2770/detections/10553/37_6.png,1575785040000,,0.3355428925535753,22307
1227,168305169,MON_20191208_060700.p2.flac,Miraflores,2019,12,Agelasticus thilius,Alternative Song,34.80090702947846,36.23473922902495,1205.859375,7235.15625,present,https://s3.amazonaws.com/arbimon2/project_2770/detections/10553/37_8.png,1575785280000,,0.3533560787318943,22307
1228,168305170,MON_20191208_060700.p2.flac,Miraflores,2019,12,Agelasticus thilius,Alternative Song,8.051519274376417,9.485351473922902,1205.859375,7235.15625,present,https://s3.amazonaws.com/arbimon2/project_2770/detections/10553/37_9.png,1575785280000,,0.3260887541710951,22307
1229,168305171,MON_20191208_060700.p5.flac,Miraflores,2019,12,Agelasticus thilius,Alternative Song,31.474648526077097,32.90848072562358,1205.859375,7235.15625,present,https://s3.amazonaws.com/arbimon2/project_2770/detections/10553/37_10.png,1575785460000,,0.2717645881113656,22307
1230,168305173,MON_20191208_060700.p3.flac,Miraflores,2019,12,Agelasticus thilius,Alternative Song,20.241995464852607,21.67582766439909,1205.859375,7235.15625,present,https://s3.amazonaws.com/arbimon2/project_2770/detections/10553/37_12.png,1575785340000,,0.2727156248386251,22307
1231,168305176,MON_20191208_060700.p4.flac,Miraflores,2019,12,Agelasticus thilius,Alternative Song,35.29433106575964,36.72816326530612,1205.859375,7235.15625,present,https://s3.amazonaws.com/arbimon2/project_2770/detections/10553/37_15.png,1575785400000,,0.3591126221115934,22307
1232,168305177,MON_20191208_060700.p4.flac,Miraflores,2019,12,Agelasticus thilius,Alternative Song,13.844897959183674,15.27873015873016,1205.859375,7235.15625,present,https://s3.amazonaws.com/arbimon2/project_2770/detections/10553/37_16.png,1575785400000,,0.2619432582460053,22307
1233,168305178,MON_20191208_060700.p8.flac,Miraflores,2019,12,Agelasticus thilius,Alternative Song,12.852244897959183,14.286077097505668,1205.859375,7235.15625,present,https://s3.amazonaws.com/arbimon2/project_2770/detections/10553/37_17.png,1575785640000,,0.3722505671760522,22307
1234,168305179,MON_20191208_060700.p8.flac,Miraflores,2019,12,Agelasticus thilius,Alternative Song,44.23981859410431,45.67365079365079,1205.859375,7235.15625,present,https://s3.amazonaws.com/arbimon2/project_2770/detections/10553/37_18.png,1575785640000,,0.2888242818653169,22307
1235,168305181,MON_20191208_060700.p7.flac,Miraflores,2019,12,Agelasticus thilius,Alternative Song,13.421133786848072,14.854965986394555,1205.859375,7235.15625,present,https://s3.amazonaws.com/arbimon2/project_2770/detections/10553/37_20.png,1575785580000,,0.351301133156195,22307
1236,168305184,MON_20191208_060700.p13.flac,Miraflores,2019,12,Agelasticus thilius,Alternative Song,3.2043537414965986,4.638185941043084,1205.859375,7235.15625,present,https://s3.amazonaws.com/arbimon2/project_2770/detections/10553/37_23.png,1575785940000,,0.3050911472851192,22307
1237,168305187,MON_20191208_060700.p28.flac,Miraflores,2019,12,Agelasticus thilius,Alternative Song,3.378503401360544,4.812335600907029,1205.859375,7235.15625,present,https://s3.amazonaws.com/arbimon2/project_2770/detections/10553/37_26.png,1575786840000,,0.3577141729245899,22307
1238,168305199,MON_20191208_060700.p44.flac,Miraflores,2019,12,Agelasticus thilius,Alternative Song,36.327619047619045,37.76145124716553,1205.859375,7235.15625,present,https://s3.amazonaws.com/arbimon2/project_2770/detections/10553/37_38.png,1575787800000,,0.3216922291827961,22307
1239,168305208,MON_20191208_060700.p49.flac,Miraflores,2019,12,Agelasticus thilius,Alternative Song,29.7621768707483,31.196009070294785,1205.859375,7235.15625,present,https://s3.amazonaws.com/arbimon2/project_2770/detections/10553/37_47.png,1575788100000,,0.2537555858568263,22307
1240,168305211,MON_20191208_070000.p1.flac,Miraflores,2019,12,Agelasticus thilius,Alternative Song,41.77850340136055,43.21233560090703,1205.859375,7235.15625,present,https://s3.amazonaws.com/arbimon2/project_2770/detections/10553/37_50.png,1575788400000,,0.4144137148986758,22307
1241,168305215,MON_20191208_070000.p3.flac,Miraflores,2019,12,Agelasticus thilius,Alternative Song,3.570068027210884,5.00390022675737,1205.859375,7235.15625,present,https://s3.amazonaws.com/arbimon2/project_2770/detections/10553/37_54.png,1575788520000,,0.3850881054570982,22307
1242,168305225,MON_20191208_130000.p2.flac,Miraflores,2019,12,Agelasticus thilius,Alternative Song,9.66530612244898,11.099138321995463,1205.859375,7235.15625,present,https://s3.amazonaws.com/arbimon2/project_2770/detections/10553/37_64.png,1575810060000,,0.2820951644285629,22307
1243,168305228,MON_20191208_180000.p4.flac,Miraflores,2019,12,Agelasticus thilius,Alternative Song,44.73324263038549,46.16707482993197,1205.859375,7235.15625,present,https://s3.amazonaws.com/arbimon2/project_2770/detections/10553/37_67.png,1575828180000,,0.3838300966725061,22307
1244,168305237,MON_20191208_200000.p2.flac,Miraflores,2019,12,Agelasticus thilius,Alternative Song,9.340226757369615,10.7740589569161,1205.859375,7235.15625,present,https://s3.amazonaws.com/arbimon2/project_2770/detections/10553/37_76.png,1575835260000,,0.3077938736589801,22307
1245,168305238,MON_20191208_200000.p2.flac,Miraflores,2019,12,Agelasticus thilius,Alternative Song,24.177777777777777,25.611609977324264,1205.859375,7235.15625,present,https://s3.amazonaws.com/arbimon2/project_2770/detections/10553/37_77.png,1575835260000,,0.2847411473138059,22307
1246,168305243,MON_20191208_200700.p3.flac,Miraflores,2019,12,Agelasticus thilius,Alternative Song,15.011700680272108,16.445532879818593,1205.859375,7235.15625,present,https://s3.amazonaws.com/arbimon2/project_2770/detections/10553/37_82.png,1575835740000,,0.3904544459829349,22307
1247,168305250,MON_20191208_200700.p6.flac,Miraflores,2019,12,Agelasticus thilius,Alternative Song,29.320997732426303,30.75482993197279,1205.859375,7235.15625,present,https://s3.amazonaws.com/arbimon2/project_2770/detections/10553/37_89.png,1575835920000,,0.3562367105818834,22307
1248,168305257,MON_20191208_200700.p14.flac,Miraflores,2019,12,Agelasticus thilius,Alternative Song,16.590657596371884,18.024489795918367,1205.859375,7235.15625,present,https://s3.amazonaws.com/arbimon2/project_2770/detections/10553/37_96.png,1575836400000,,0.2660439958560648,22307
1249,168305263,MON_20191208_200700.p17.flac,Miraflores,2019,12,Agelasticus thilius,Alternative Song,35.34077097505669,36.77460317460317,1205.859375,7235.15625,present,https://s3.amazonaws.com/arbimon2/project_2770/detections/10553/37_102.png,1575836580000,,0.2000806529385973,22307
1250,168305268,MON_20191208_200700.p25.flac,Miraflores,2019,12,Agelasticus thilius,Alternative Song,57.6261224489796,59.05995464852608,1205.859375,7235.15625,present,https://s3.amazonaws.com/arbimon2/project_2770/detections/10553/37_107.png,1575837060000,,0.297806336341044,22307
1251,168305269,MON_20191208_200700.p24.flac,Miraflores,2019,12,Agelasticus thilius,Alternative Song,43.03818594104308,44.47201814058957,1205.859375,7235.15625,present,https://s3.amazonaws.com/arbimon2/project_2770/detections/10553/37_108.png,1575837000000,,0.3111792091962764,22307
1252,168305280,MON_20191208_200700.p42.flac,Miraflores,2019,12,Agelasticus thilius,Alternative Song,12.712925170068027,14.146757369614512,1205.859375,7235.15625,present,https://s3.amazonaws.com/arbimon2/project_2770/detections/10553/37_119.png,1575838080000,,0.2692559774197153,22307
1253,168305281,MON_20191208_200700.p43.flac,Miraflores,2019,12,Agelasticus thilius,Alternative Song,14.14095238095238,15.574784580498866,1205.859375,7235.15625,present,https://s3.amazonaws.com/arbimon2/project_2770/detections/10553/37_120.png,1575838140000,,0.3192595837777304,22307
1254,168305283,MON_20191208_210000.p2.flac,Miraflores,2019,12,Agelasticus thilius,Alternative Song,41.34312925170068,42.77696145124717,1205.859375,7235.15625,present,https://s3.amazonaws.com/arbimon2/project_2770/detections/10553/37_122.png,1575838860000,,0.3745427106562634,22307
1255,168305284,MON_20191208_210000.p5.flac,Miraflores,2019,12,Agelasticus thilius,Alternative Song,58.52009070294785,59.953922902494334,1205.859375,7235.15625,present,https://s3.amazonaws.com/arbimon2/project_2770/detections/10553/37_123.png,1575839040000,,0.3480819090603561,22307
1256,168305287,MON_20191209_060700.p1.flac,Miraflores,2019,12,Agelasticus thilius,Alternative Song,36.84426303854875,38.27809523809524,1205.859375,7235.15625,present,https://s3.amazonaws.com/arbimon2/project_2770/detections/10553/37_126.png,1575871620000,,0.2951560993219744,22307
1257,168305288,MON_20191209_060700.p10.flac,Miraflores,2019,12,Agelasticus thilius,Alternative Song,44.26303854875283,45.69687074829932,1205.859375,7235.15625,present,https://s3.amazonaws.com/arbimon2/project_2770/detections/10553/37_127.png,1575872160000,,0.2907035175583446,22307
1258,168305297,MON_20191209_060700.p29.flac,Miraflores,2019,12,Agelasticus thilius,Alternative Song,2.873469387755102,4.307301587301588,1205.859375,7235.15625,present,https://s3.amazonaws.com/arbimon2/project_2770/detections/10553/37_136.png,1575873300000,,0.2545366958293238,22307
1259,168305299,MON_20191209_060700.p32.flac,Miraflores,2019,12,Agelasticus thilius,Alternative Song,49.5804081632653,51.01424036281179,1205.859375,7235.15625,present,https://s3.amazonaws.com/arbimon2/project_2770/detections/10553/37_138.png,1575873480000,,0.3514113711662484,22307
1260,168305303,MON_20191209_060700.p37.flac,Miraflores,2019,12,Agelasticus thilius,Alternative Song,14.280272108843535,15.714104308390022,1205.859375,7235.15625,present,https://s3.amazonaws.com/arbimon2/project_2770/detections/10553/37_142.png,1575873780000,,0.2590344306656912,22307
1261,168305344,MON_20191215_060000.p3.flac,Miraflores,2019,12,Agelasticus thilius,Alternative Song,6.6525170068027215,8.086349206349206,1205.859375,7235.15625,present,https://s3.amazonaws.com/arbimon2/project_2770/detections/10553/42_38.png,1576389720000,,0.3392027999671443,22307
1262,168305347,MON_20191215_060000.p2.flac,Miraflores,2019,12,Agelasticus thilius,Alternative Song,39.60163265306122,41.03546485260771,1205.859375,7235.15625,present,https://s3.amazonaws.com/arbimon2/project_2770/detections/10553/42_41.png,1576389660000,,0.3025089182761306,22307
1263,168305348,MON_20191215_060000.p2.flac,Miraflores,2019,12,Agelasticus thilius,Alternative Song,12.52716553287982,13.960997732426303,1205.859375,7235.15625,present,https://s3.amazonaws.com/arbimon2/project_2770/detections/10553/42_42.png,1576389660000,,0.269673860361128,22307
1264,168305349,MON_20191215_060000.p2.flac,Miraflores,2019,12,Agelasticus thilius,Alternative Song,51.36253968253968,52.79637188208617,1205.859375,7235.15625,present,https://s3.amazonaws.com/arbimon2/project_2770/detections/10553/42_43.png,1576389660000,,0.2591726394125797,22307
1265,168305353,MON_20191215_060700.p8.flac,Miraflores,2019,12,Agelasticus thilius,Alternative Song,25.87283446712018,27.30666666666667,1205.859375,7235.15625,present,https://s3.amazonaws.com/arbimon2/project_2770/detections/10553/42_47.png,1576390440000,,0.2602183074974038,22307
1266,168305356,MON_20191215_060700.p11.flac,Miraflores,2019,12,Agelasticus thilius,Alternative Song,5.253514739229025,6.687346938775511,1205.859375,7235.15625,present,https://s3.amazonaws.com/arbimon2/project_2770/detections/10553/42_50.png,1576390620000,,0.3003160563311841,22307
1267,168305357,MON_20191215_060700.p11.flac,Miraflores,2019,12,Agelasticus thilius,Alternative Song,37.51183673469388,38.945668934240366,1205.859375,7235.15625,present,https://s3.amazonaws.com/arbimon2/project_2770/detections/10553/42_51.png,1576390620000,,0.2735602543474308,22307
1268,168305359,MON_20191215_060700.p13.flac,Miraflores,2019,12,Agelasticus thilius,Alternative Song,2.229115646258504,3.6629478458049887,1205.859375,7235.15625,present,https://s3.amazonaws.com/arbimon2/project_2770/detections/10553/42_53.png,1576390740000,,0.2999743712836959,22307
1269,168305389,MON_20191215_090000.p5.flac,Miraflores,2019,12,Agelasticus thilius,Alternative Song,18.007074829931973,19.440907029478456,1205.859375,7235.15625,present,https://s3.amazonaws.com/arbimon2/project_2770/detections/10553/42_83.png,1576400640000,,0.310606819535713,22307
1270,168305405,MON_20191215_190000.p1.flac,Miraflores,2019,12,Agelasticus thilius,Alternative Song,49.63265306122449,51.066485260770975,1205.859375,7235.15625,present,https://s3.amazonaws.com/arbimon2/project_2770/detections/10553/42_99.png,1576436400000,,0.3816355465246436,22307
1271,168305406,MON_20191215_190000.p1.flac,Miraflores,2019,12,Agelasticus thilius,Alternative Song,17.04344671201814,18.477278911564625,1205.859375,7235.15625,present,https://s3.amazonaws.com/arbimon2/project_2770/detections/10553/42_100.png,1576436400000,,0.3753794940923284,22307
1272,168305407,MON_20191215_190000.p2.flac,Miraflores,2019,12,Agelasticus thilius,Alternative Song,26.59845804988662,28.032290249433107,1205.859375,7235.15625,present,https://s3.amazonaws.com/arbimon2/project_2770/detections/10553/42_101.png,1576436460000,,0.4110171130145046,22307
1273,168305408,MON_20191215_190000.p2.flac,Miraflores,2019,12,Agelasticus thilius,Alternative Song,53.17950113378685,54.61333333333334,1205.859375,7235.15625,present,https://s3.amazonaws.com/arbimon2/project_2770/detections/10553/42_102.png,1576436460000,,0.3207305181888397,22307
1274,168305411,MON_20191215_200700.p13.flac,Miraflores,2019,12,Agelasticus thilius,Alternative Song,9.630476190476193,11.064308390022676,1205.859375,7235.15625,present,https://s3.amazonaws.com/arbimon2/project_2770/detections/10553/42_105.png,1576441140000,,0.3077632452121556,22307
1275,168305420,MON_20191215_200700.p28.flac,Miraflores,2019,12,Agelasticus thilius,Alternative Song,56.90630385487528,58.34013605442177,1205.859375,7235.15625,present,https://s3.amazonaws.com/arbimon2/project_2770/detections/10553/42_114.png,1576442040000,,0.3978451563320388,22307
1276,168305425,MON_20191215_200700.p30.flac,Miraflores,2019,12,Agelasticus thilius,Alternative Song,17.38013605442177,18.813968253968252,1205.859375,7235.15625,present,https://s3.amazonaws.com/arbimon2/project_2770/detections/10553/42_119.png,1576442160000,,0.2829889046437219,22307
1277,168305427,MON_20191215_200700.p33.flac,Miraflores,2019,12,Agelasticus thilius,Alternative Song,27.5330612244898,28.96689342403628,1205.859375,7235.15625,present,https://s3.amazonaws.com/arbimon2/project_2770/detections/10553/42_121.png,1576442340000,,0.2947949803661988,22307
1278,168305429,MON_20191215_200700.p34.flac,Miraflores,2019,12,Agelasticus thilius,Alternative Song,26.482358276643996,27.91619047619048,1205.859375,7235.15625,present,https://s3.amazonaws.com/arbimon2/project_2770/detections/10553/42_123.png,1576442400000,,0.2684900887211769,22307
1279,168305432,MON_20191215_200700.p35.flac,Miraflores,2019,12,Agelasticus thilius,Alternative Song,15.151020408163266,16.58485260770975,1205.859375,7235.15625,present,https://s3.amazonaws.com/arbimon2/project_2770/detections/10553/42_126.png,1576442460000,,0.3813112841754862,22307
1280,168305434,MON_20191215_200700.p36.flac,Miraflores,2019,12,Agelasticus thilius,Alternative Song,45.91165532879818,47.34548752834467,1205.859375,7235.15625,present,https://s3.amazonaws.com/arbimon2/project_2770/detections/10553/42_128.png,1576442520000,,0.3197589351734111,22307
1281,168305435,MON_20191215_200700.p36.flac,Miraflores,2019,12,Agelasticus thilius,Alternative Song,4.823945578231292,6.257777777777778,1205.859375,7235.15625,present,https://s3.amazonaws.com/arbimon2/project_2770/detections/10553/42_129.png,1576442520000,,0.3161578389707646,22307
1282,168305436,MON_20191215_200700.p36.flac,Miraflores,2019,12,Agelasticus thilius,Alternative Song,24.270657596371883,25.704489795918366,1205.859375,7235.15625,present,https://s3.amazonaws.com/arbimon2/project_2770/detections/10553/42_130.png,1576442520000,,0.268103907359815,22307
1283,168305437,MON_20191215_200700.p38.flac,Miraflores,2019,12,Agelasticus thilius,Alternative Song,31.474648526077097,32.90848072562358,1205.859375,7235.15625,present,https://s3.amazonaws.com/arbimon2/project_2770/detections/10553/42_131.png,1576442640000,,0.2842244698667733,22307
1284,168305441,MON_20191215_200700.p47.flac,Miraflores,2019,12,Agelasticus thilius,Alternative Song,11.598367346938776,13.03219954648526,1205.859375,7235.15625,present,https://s3.amazonaws.com/arbimon2/project_2770/detections/10553/42_135.png,1576443180000,,0.297456038426107,22307
1285,168305444,MON_20191215_200700.p48.flac,Miraflores,2019,12,Agelasticus thilius,Alternative Song,50.67755102040816,52.11138321995465,1205.859375,7235.15625,present,https://s3.amazonaws.com/arbimon2/project_2770/detections/10553/42_138.png,1576443240000,,0.2849766681820897,22307
1286,168305465,MON_20200101_200000.p3.flac,Miraflores,2020,1,Agelasticus thilius,Alternative Song,9.009342403628118,10.443174603174604,1205.859375,7235.15625,present,https://s3.amazonaws.com/arbimon2/project_2770/detections/10553/55_11.png,1577908920000,,0.2686186517998129,22307
1287,168305468,MON_20200101_200700.p7.flac,Miraflores,2020,1,Agelasticus thilius,Alternative Song,22.96453514739229,24.398367346938777,1205.859375,7235.15625,present,https://s3.amazonaws.com/arbimon2/project_2770/detections/10553/55_14.png,1577909580000,,0.3269465221958906,22307
1288,168305469,MON_20200101_200700.p6.flac,Miraflores,2020,1,Agelasticus thilius,Alternative Song,34.84154195011338,36.27537414965986,1205.859375,7235.15625,present,https://s3.amazonaws.com/arbimon2/project_2770/detections/10553/55_15.png,1577909520000,,0.2569518145949038,22307
1289,168305471,MON_20200101_200700.p23.flac,Miraflores,2020,1,Agelasticus thilius,Alternative Song,4.179591836734694,5.613424036281179,1205.859375,7235.15625,present,https://s3.amazonaws.com/arbimon2/project_2770/detections/10553/55_17.png,1577910540000,,0.2752721059078864,22307
1290,168305483,MON_20200101_200700.p44.flac,Miraflores,2020,1,Agelasticus thilius,Alternative Song,3.918367346938776,5.352199546485261,1205.859375,7235.15625,present,https://s3.amazonaws.com/arbimon2/project_2770/detections/10553/55_29.png,1577911800000,,0.2537970849824233,22307
1291,168305494,MON_20200102_060700.p8.flac,Miraflores,2020,1,Agelasticus thilius,Alternative Song,12.474920634920634,13.90875283446712,1205.859375,7235.15625,present,https://s3.amazonaws.com/arbimon2/project_2770/detections/10553/55_40.png,1577945640000,,0.2956403693815092,22307
1292,168305588,MON_20191127_160000.p2.flac,Miraflores,2019,11,Agelasticus thilius,Alternative Song,0.3076643990929705,1.7414965986394555,1205.859375,7235.15625,present,https://s3.amazonaws.com/arbimon2/project_2770/detections/10553/29_64.png,1574870460000,,0.2005347959311048,22307
1293,168305602,MON_20191127_200000.p1.flac,Miraflores,2019,11,Agelasticus thilius,Alternative Song,8.643628117913833,10.077460317460318,1205.859375,7235.15625,present,https://s3.amazonaws.com/arbimon2/project_2770/detections/10553/29_78.png,1574884800000,,0.3035599012782472,22307
1294,168305615,MON_20191127_200700.p17.flac,Miraflores,2019,11,Agelasticus thilius,Alternative Song,49.963537414965984,51.39736961451247,1205.859375,7235.15625,present,https://s3.amazonaws.com/arbimon2/project_2770/detections/10553/29_91.png,1574886180000,,0.3399934037138436,22307
1295,168305616,MON_20191127_200700.p20.flac,Miraflores,2019,11,Agelasticus thilius,Alternative Song,14.820136054421768,16.253968253968253,1205.859375,7235.15625,present,https://s3.amazonaws.com/arbimon2/project_2770/detections/10553/29_92.png,1574886360000,,0.3597439412919406,22307
1296,168305618,MON_20191127_200700.p19.flac,Miraflores,2019,11,Agelasticus thilius,Alternative Song,53.17950113378685,54.61333333333334,1205.859375,7235.15625,present,https://s3.amazonaws.com/arbimon2/project_2770/detections/10553/29_94.png,1574886300000,,0.3211740038703894,22307
1297,168305621,MON_20191127_200700.p21.flac,Miraflores,2019,11,Agelasticus thilius,Alternative Song,13.9784126984127,15.412244897959184,1205.859375,7235.15625,present,https://s3.amazonaws.com/arbimon2/project_2770/detections/10553/29_97.png,1574886420000,,0.3565838927652626,22307
1298,168305622,MON_20191127_200700.p23.flac,Miraflores,2019,11,Agelasticus thilius,Alternative Song,41.31410430839002,42.74793650793651,1205.859375,7235.15625,present,https://s3.amazonaws.com/arbimon2/project_2770/detections/10553/29_98.png,1574886540000,,0.2682790233747741,22307
1299,168305623,MON_20191127_200700.p25.flac,Miraflores,2019,11,Agelasticus thilius,Alternative Song,10.733424036281178,12.167256235827663,1205.859375,7235.15625,present,https://s3.amazonaws.com/arbimon2/project_2770/detections/10553/29_99.png,1574886660000,,0.3618068910498601,22307
1300,168305624,MON_20191127_200700.p25.flac,Miraflores,2019,11,Agelasticus thilius,Alternative Song,45.38340136054422,46.81723356009071,1205.859375,7235.15625,present,https://s3.amazonaws.com/arbimon2/project_2770/detections/10553/29_100.png,1574886660000,,0.3534521052782849,22307
1301,168305672,MON_20191128_070000.p1.flac,Miraflores,2019,11,Agelasticus thilius,Alternative Song,1.5615419501133787,2.995374149659864,1205.859375,7235.15625,present,https://s3.amazonaws.com/arbimon2/project_2770/detections/10553/29_148.png,1574924400000,,0.2005229670874625,22307
1302,168305680,MON_20191128_120000.p4.flac,Miraflores,2019,11,Agelasticus thilius,Alternative Song,26.20952380952381,27.643356009070292,1205.859375,7235.15625,present,https://s3.amazonaws.com/arbimon2/project_2770/detections/10553/29_156.png,1574942580000,,0.2585379907648733,22307
1303,168305684,MON_20200125_100000.p3.flac,Miraflores,2020,1,Agelasticus thilius,Alternative Song,42.5621768707483,43.99600907029478,1205.859375,7235.15625,present,https://s3.amazonaws.com/arbimon2/project_2770/detections/10553/72_0.png,1579946520000,,0.3118648010049029,22307
1304,168305691,MON_20200125_200700.p12.flac,Miraflores,2020,1,Agelasticus thilius,Alternative Song,33.053605442176874,34.48743764172335,1205.859375,7235.15625,present,https://s3.amazonaws.com/arbimon2/project_2770/detections/10553/72_7.png,1579983480000,,0.3871763331559587,22307
1305,168305692,MON_20200125_200700.p12.flac,Miraflores,2020,1,Agelasticus thilius,Alternative Song,7.616145124716553,9.049977324263038,1205.859375,7235.15625,present,https://s3.amazonaws.com/arbimon2/project_2770/detections/10553/72_8.png,1579983480000,,0.3502323772441418,22307
1306,168305693,MON_20200125_200700.p12.flac,Miraflores,2020,1,Agelasticus thilius,Alternative Song,48.34975056689343,49.78358276643991,1205.859375,7235.15625,present,https://s3.amazonaws.com/arbimon2/project_2770/detections/10553/72_9.png,1579983480000,,0.3238057742465163,22307
1307,168305715,MON_20191209_060700.p51.flac,Miraflores,2019,12,Agelasticus thilius,Alternative Song,17.68780045351474,19.121632653061223,1205.859375,7235.15625,present,https://s3.amazonaws.com/arbimon2/project_2770/detections/10553/38_0.png,1575874620000,,0.2527299497905154,22307
1308,168305726,MON_20191209_100000.p2.flac,Miraflores,2019,12,Agelasticus thilius,Alternative Song,11.80734693877551,13.241179138321996,1205.859375,7235.15625,present,https://s3.amazonaws.com/arbimon2/project_2770/detections/10553/38_11.png,1575885660000,,0.2575645609596524,22307
1309,168305733,MON_20191209_110000.p3.flac,Miraflores,2019,12,Agelasticus thilius,Alternative Song,23.23156462585034,24.665396825396822,1205.859375,7235.15625,present,https://s3.amazonaws.com/arbimon2/project_2770/detections/10553/38_18.png,1575889320000,,0.2951615615807247,22307
1310,168305734,MON_20191209_110000.p3.flac,Miraflores,2019,12,Agelasticus thilius,Alternative Song,33.23936507936508,34.673197278911566,1205.859375,7235.15625,present,https://s3.amazonaws.com/arbimon2/project_2770/detections/10553/38_19.png,1575889320000,,0.2552740076838673,22307
1311,168305748,MON_20191209_200700.p22.flac,Miraflores,2019,12,Agelasticus thilius,Alternative Song,35.822585034013606,37.25641723356009,1205.859375,7235.15625,present,https://s3.amazonaws.com/arbimon2/project_2770/detections/10553/38_33.png,1575923280000,,0.3334473369355131,22307
1312,168305762,MON_20191209_200700.p34.flac,Miraflores,2019,12,Agelasticus thilius,Alternative Song,40.820680272108845,42.25451247165533,1205.859375,7235.15625,present,https://s3.amazonaws.com/arbimon2/project_2770/detections/10553/38_47.png,1575924000000,,0.3079241772388538,22307
1313,168305783,MON_20191209_200700.p44.flac,Miraflores,2019,12,Agelasticus thilius,Alternative Song,58.4562358276644,59.89006802721089,1205.859375,7235.15625,present,https://s3.amazonaws.com/arbimon2/project_2770/detections/10553/38_68.png,1575924600000,,0.3611267897259699,22307
1314,168305798,MON_20191210_060700.p39.flac,Miraflores,2019,12,Agelasticus thilius,Alternative Song,31.44562358276644,32.879455782312924,1205.859375,7235.15625,present,https://s3.amazonaws.com/arbimon2/project_2770/detections/10553/38_83.png,1575960300000,,0.350745737556915,22307
1315,168305847,MON_20191212_060700.p8.flac,Miraflores,2019,12,Agelasticus thilius,Alternative Song,58.30530612244898,59.73913832199546,1205.859375,7235.15625,present,https://s3.amazonaws.com/arbimon2/project_2770/detections/10553/40_3.png,1576131240000,,0.3299005566483781,22307
1316,168305848,MON_20191212_060700.p8.flac,Miraflores,2019,12,Agelasticus thilius,Alternative Song,37.8485260770975,39.28235827664399,1205.859375,7235.15625,present,https://s3.amazonaws.com/arbimon2/project_2770/detections/10553/40_4.png,1576131240000,,0.3089890491256867,22307
1317,168305849,MON_20191212_060700.p9.flac,Miraflores,2019,12,Agelasticus thilius,Alternative Song,24.39256235827665,25.82639455782313,1205.859375,7235.15625,present,https://s3.amazonaws.com/arbimon2/project_2770/detections/10553/40_5.png,1576131300000,,0.2675240363029324,22307
1318,168305850,MON_20191212_060700.p11.flac,Miraflores,2019,12,Agelasticus thilius,Alternative Song,41.087709750566894,42.52154195011338,1205.859375,7235.15625,present,https://s3.amazonaws.com/arbimon2/project_2770/detections/10553/40_6.png,1576131420000,,0.2843684675447533,22307
1319,168305876,MON_20191212_090000.p3.flac,Miraflores,2019,12,Agelasticus thilius,Alternative Song,38.47546485260771,39.909297052154194,1205.859375,7235.15625,present,https://s3.amazonaws.com/arbimon2/project_2770/detections/10553/40_32.png,1576141320000,,0.2914763593295806,22307
1320,168305880,MON_20191212_110000.p5.flac,Miraflores,2019,12,Agelasticus thilius,Alternative Song,23.254784580498868,24.68861678004535,1205.859375,7235.15625,present,https://s3.amazonaws.com/arbimon2/project_2770/detections/10553/40_36.png,1576148640000,,0.2559553600842057,22307
1321,168305890,MON_20191212_200000.p5.flac,Miraflores,2019,12,Agelasticus thilius,Alternative Song,21.58875283446712,23.02258503401361,1205.859375,7235.15625,present,https://s3.amazonaws.com/arbimon2/project_2770/detections/10553/40_46.png,1576181040000,,0.2938343695790111,22307
1322,168305894,MON_20191212_200700.p12.flac,Miraflores,2019,12,Agelasticus thilius,Alternative Song,18.274104308390022,19.70793650793651,1205.859375,7235.15625,present,https://s3.amazonaws.com/arbimon2/project_2770/detections/10553/40_50.png,1576181880000,,0.3141894313938724,22307
1323,168305899,MON_20191212_200700.p20.flac,Miraflores,2019,12,Agelasticus thilius,Alternative Song,18.87201814058957,20.30585034013605,1205.859375,7235.15625,present,https://s3.amazonaws.com/arbimon2/project_2770/detections/10553/40_55.png,1576182360000,,0.2774982561715277,22307
1324,168305902,MON_20191212_200700.p30.flac,Miraflores,2019,12,Agelasticus thilius,Alternative Song,14.924625850340137,16.35845804988662,1205.859375,7235.15625,present,https://s3.amazonaws.com/arbimon2/project_2770/detections/10553/40_58.png,1576182960000,,0.3538099781065859,22307
1325,168305903,MON_20191212_200700.p30.flac,Miraflores,2019,12,Agelasticus thilius,Alternative Song,26.01795918367347,27.451791383219955,1205.859375,7235.15625,present,https://s3.amazonaws.com/arbimon2/project_2770/detections/10553/40_59.png,1576182960000,,0.2653652303126172,22307
1326,168305905,MON_20191212_200700.p31.flac,Miraflores,2019,12,Agelasticus thilius,Alternative Song,17.478820861678006,18.91265306122449,1205.859375,7235.15625,present,https://s3.amazonaws.com/arbimon2/project_2770/detections/10553/40_61.png,1576183020000,,0.3818245366493271,22307
1327,168305906,MON_20191212_200700.p31.flac,Miraflores,2019,12,Agelasticus thilius,Alternative Song,58.11374149659864,59.54757369614512,1205.859375,7235.15625,present,https://s3.amazonaws.com/arbimon2/project_2770/detections/10553/40_62.png,1576183020000,,0.3020357440788683,22307
1328,168305915,MON_20191212_200700.p41.flac,Miraflores,2019,12,Agelasticus thilius,Alternative Song,7.604535147392291,9.038367346938776,1205.859375,7235.15625,present,https://s3.amazonaws.com/arbimon2/project_2770/detections/10553/40_71.png,1576183620000,,0.3041638331728623,22307
1329,168305916,MON_20191212_200700.p44.flac,Miraflores,2019,12,Agelasticus thilius,Alternative Song,20.40453514739229,21.83836734693877,1205.859375,7235.15625,present,https://s3.amazonaws.com/arbimon2/project_2770/detections/10553/40_72.png,1576183800000,,0.3118246091434296,22307
1330,168305927,MON_20191213_060000.p2.flac,Miraflores,2019,12,Agelasticus thilius,Alternative Song,18.82557823129252,20.259410430839,1205.859375,7235.15625,present,https://s3.amazonaws.com/arbimon2/project_2770/detections/10553/40_83.png,1576216860000,,0.298725767889915,22307
1331,168305930,MON_20191213_060000.p4.flac,Miraflores,2019,12,Agelasticus thilius,Alternative Song,11.279092970521544,12.712925170068027,1205.859375,7235.15625,present,https://s3.amazonaws.com/arbimon2/project_2770/detections/10553/40_86.png,1576216980000,,0.2701423826904064,22307
1332,168305964,MON_20191213_060700.p36.flac,Miraflores,2019,12,Agelasticus thilius,Alternative Song,32.31056689342404,33.744399092970525,1205.859375,7235.15625,present,https://s3.amazonaws.com/arbimon2/project_2770/detections/10553/40_120.png,1576219320000,,0.295904095281837,22307
1333,168305986,MON_20191224_060700.p15.flac,Miraflores,2019,12,Agelasticus thilius,Alternative Song,7.215600907029478,8.649433106575964,1205.859375,7235.15625,present,https://s3.amazonaws.com/arbimon2/project_2770/detections/10553/49_1.png,1577168460000,,0.2803483900941491,22307
1334,168305988,MON_20191224_060700.p14.flac,Miraflores,2019,12,Agelasticus thilius,Alternative Song,57.45197278911564,58.88580498866213,1205.859375,7235.15625,present,https://s3.amazonaws.com/arbimon2/project_2770/detections/10553/49_3.png,1577168400000,,0.3252095330948309,22307
1335,168306020,MON_20191224_100000.p2.flac,Miraflores,2019,12,Agelasticus thilius,Alternative Song,0.4179591836734694,1.8517913832199544,1205.859375,7235.15625,present,https://s3.amazonaws.com/arbimon2/project_2770/detections/10553/49_35.png,1577181660000,,0.2941186930344481,22307
1336,168306043,MON_20191224_200700.p21.flac,Miraflores,2019,12,Agelasticus thilius,Alternative Song,31.53269841269841,32.966530612244895,1205.859375,7235.15625,present,https://s3.amazonaws.com/arbimon2/project_2770/detections/10553/49_58.png,1577219220000,,0.2009376360093478,22307
1337,168306047,MON_20191225_060000.p1.flac,Miraflores,2019,12,Agelasticus thilius,Alternative Song,4.347936507936508,5.7817687074829935,1205.859375,7235.15625,present,https://s3.amazonaws.com/arbimon2/project_2770/detections/10553/49_62.png,1577253600000,,0.3050147432105884,22307
1338,168306052,MON_20191225_060000.p2.flac,Miraflores,2019,12,Agelasticus thilius,Alternative Song,3.337868480725624,4.771700680272109,1205.859375,7235.15625,present,https://s3.amazonaws.com/arbimon2/project_2770/detections/10553/49_67.png,1577253660000,,0.4007542669779417,22307
1339,168306053,MON_20191225_060000.p2.flac,Miraflores,2019,12,Agelasticus thilius,Alternative Song,25.501315192743764,26.93514739229025,1205.859375,7235.15625,present,https://s3.amazonaws.com/arbimon2/project_2770/detections/10553/49_68.png,1577253660000,,0.3277821435067867,22307
1340,168306055,MON_20191225_060700.p1.flac,Miraflores,2019,12,Agelasticus thilius,Alternative Song,21.90222222222222,23.336054421768708,1205.859375,7235.15625,present,https://s3.amazonaws.com/arbimon2/project_2770/detections/10553/49_70.png,1577254020000,,0.2766081225706772,22307
1341,168306096,MON_20191225_070000.p1.flac,Miraflores,2019,12,Agelasticus thilius,Alternative Song,13.235374149659863,14.66920634920635,1205.859375,7235.15625,present,https://s3.amazonaws.com/arbimon2/project_2770/detections/10553/49_111.png,1577257200000,,0.2668244335357343,22307
1342,168306109,MON_20191225_100000.p1.flac,Miraflores,2019,12,Agelasticus thilius,Alternative Song,38.992108843537416,40.4259410430839,1205.859375,7235.15625,present,https://s3.amazonaws.com/arbimon2/project_2770/detections/10553/49_124.png,1577268000000,,0.2929840932950988,22307
1343,168306111,MON_20191225_100000.p4.flac,Miraflores,2019,12,Agelasticus thilius,Alternative Song,31.60235827664399,33.03619047619048,1205.859375,7235.15625,present,https://s3.amazonaws.com/arbimon2/project_2770/detections/10553/49_126.png,1577268180000,,0.3429503110017732,22307
1344,168306112,MON_20191225_100000.p3.flac,Miraflores,2019,12,Agelasticus thilius,Alternative Song,0.9984580498866212,2.4322902494331067,1205.859375,7235.15625,present,https://s3.amazonaws.com/arbimon2/project_2770/detections/10553/49_127.png,1577268120000,,0.3299581509992374,22307
1345,168306113,MON_20191225_100000.p5.flac,Miraflores,2019,12,Agelasticus thilius,Alternative Song,16.021768707482995,17.455600907029478,1205.859375,7235.15625,present,https://s3.amazonaws.com/arbimon2/project_2770/detections/10553/49_128.png,1577268240000,,0.3387649135745947,22307
1346,168306115,MON_20191225_120000.p3.flac,Miraflores,2019,12,Agelasticus thilius,Alternative Song,53.62068027210884,55.05451247165533,1205.859375,7235.15625,present,https://s3.amazonaws.com/arbimon2/project_2770/detections/10553/49_130.png,1577275320000,,0.2662393691139252,22307
1347,168306116,MON_20191225_120000.p1.flac,Miraflores,2019,12,Agelasticus thilius,Alternative Song,17.554285714285715,18.9881179138322,1205.859375,7235.15625,present,https://s3.amazonaws.com/arbimon2/project_2770/detections/10553/49_131.png,1577275200000,,0.278123658784768,22307
1348,168306125,MON_20191226_210000.p2.flac,Miraflores,2019,12,Agelasticus thilius,Alternative Song,15.023310657596372,16.457142857142856,1205.859375,7235.15625,present,https://s3.amazonaws.com/arbimon2/project_2770/detections/10553/51_1.png,1577394060000,,0.2986228421600677,22307
1349,168306137,MON_20191227_060700.p5.flac,Miraflores,2019,12,Agelasticus thilius,Alternative Song,32.4324716553288,33.866303854875284,1205.859375,7235.15625,present,https://s3.amazonaws.com/arbimon2/project_2770/detections/10553/51_13.png,1577427060000,,0.2738967442287923,22307
1350,168306164,MON_20191227_060700.p50.flac,Miraflores,2019,12,Agelasticus thilius,Alternative Song,29.634467120181405,31.06829931972789,1205.859375,7235.15625,present,https://s3.amazonaws.com/arbimon2/project_2770/detections/10553/51_40.png,1577429760000,,0.2863072879408956,22307
1351,168306179,MON_20191227_200700.p8.flac,Miraflores,2019,12,Agelasticus thilius,Alternative Song,47.67056689342404,49.104399092970525,1205.859375,7235.15625,present,https://s3.amazonaws.com/arbimon2/project_2770/detections/10553/51_55.png,1577477640000,,0.2628892528360113,22307
1352,168306195,MON_20191228_060000.p3.flac,Miraflores,2019,12,Agelasticus thilius,Alternative Song,14.622766439909295,16.056598639455782,1205.859375,7235.15625,present,https://s3.amazonaws.com/arbimon2/project_2770/detections/10553/51_71.png,1577512920000,,0.2776791675455239,22307
1353,168306213,MON_20200204_200700.p4.flac,Miraflores,2020,2,Agelasticus thilius,Alternative Song,13.10185941043084,14.535691609977324,1205.859375,7235.15625,present,https://s3.amazonaws.com/arbimon2/project_2770/detections/10553/79_4.png,1580847000000,,0.2766931241766864,22307
1354,168306214,MON_20200204_200700.p4.flac,Miraflores,2020,2,Agelasticus thilius,Alternative Song,41.94104308390023,43.37487528344671,1205.859375,7235.15625,present,https://s3.amazonaws.com/arbimon2/project_2770/detections/10553/79_5.png,1580847000000,,0.2752310759013868,22307
1355,168306221,MON_20200126_200700.p36.flac,Miraflores,2020,1,Agelasticus thilius,Alternative Song,4.191201814058957,5.625034013605442,1205.859375,7235.15625,present,https://s3.amazonaws.com/arbimon2/project_2770/detections/10553/73_0.png,1580071320000,,0.2526639702073712,22307
1356,168306262,MON_20191204_060000.p3.flac,Miraflores,2019,12,Agelasticus thilius,Alternative Song,34.08108843537415,35.514920634920635,1205.859375,7235.15625,present,https://s3.amazonaws.com/arbimon2/project_2770/detections/10553/34_0.png,1575439320000,,0.340796711873852,22307
1357,168306263,MON_20191204_060000.p3.flac,Miraflores,2019,12,Agelasticus thilius,Alternative Song,44.72163265306123,46.15546485260771,1205.859375,7235.15625,present,https://s3.amazonaws.com/arbimon2/project_2770/detections/10553/34_1.png,1575439320000,,0.2958565706209684,22307
1358,168306265,MON_20191204_060700.p1.flac,Miraflores,2019,12,Agelasticus thilius,Alternative Song,20.36390022675737,21.797732426303856,1205.859375,7235.15625,present,https://s3.amazonaws.com/arbimon2/project_2770/detections/10553/34_3.png,1575439620000,,0.2612241759503484,22307
1359,168306267,MON_20191204_060700.p8.flac,Miraflores,2019,12,Agelasticus thilius,Alternative Song,0.4934240362811791,1.9272562358276644,1205.859375,7235.15625,present,https://s3.amazonaws.com/arbimon2/project_2770/detections/10553/34_5.png,1575440040000,,0.2838737754422689,22307
1360,168306268,MON_20191204_060700.p8.flac,Miraflores,2019,12,Agelasticus thilius,Alternative Song,8.231473922902495,9.66530612244898,1205.859375,7235.15625,present,https://s3.amazonaws.com/arbimon2/project_2770/detections/10553/34_6.png,1575440040000,,0.282733055508481,22307
1361,168306271,MON_20191204_070000.p2.flac,Miraflores,2019,12,Agelasticus thilius,Alternative Song,41.70303854875284,43.13687074829932,1205.859375,7235.15625,present,https://s3.amazonaws.com/arbimon2/project_2770/detections/10553/34_9.png,1575442860000,,0.4026881094584197,22307
1362,168306272,MON_20191204_140000.p4.flac,Miraflores,2019,12,Agelasticus thilius,Alternative Song,43.20072562358277,44.63455782312925,1205.859375,7235.15625,present,https://s3.amazonaws.com/arbimon2/project_2770/detections/10553/34_10.png,1575468180000,,0.3098434955222987,22307
1363,168306274,MON_20191204_160000.p2.flac,Miraflores,2019,12,Agelasticus thilius,Alternative Song,38.19102040816327,39.62485260770975,1205.859375,7235.15625,present,https://s3.amazonaws.com/arbimon2/project_2770/detections/10553/34_12.png,1575475260000,,0.2668296910958055,22307
1364,168306275,MON_20191204_160000.p3.flac,Miraflores,2019,12,Agelasticus thilius,Alternative Song,53.0227664399093,54.45659863945578,1205.859375,7235.15625,present,https://s3.amazonaws.com/arbimon2/project_2770/detections/10553/34_13.png,1575475320000,,0.25909890764444,22307
1365,168306276,MON_20191204_160000.p4.flac,Miraflores,2019,12,Agelasticus thilius,Alternative Song,2.896689342403628,4.330521541950113,1205.859375,7235.15625,present,https://s3.amazonaws.com/arbimon2/project_2770/detections/10553/34_14.png,1575475380000,,0.3826276105039746,22307
1366,168306278,MON_20191204_170000.p3.flac,Miraflores,2019,12,Agelasticus thilius,Alternative Song,6.408707482993197,7.842539682539683,1205.859375,7235.15625,present,https://s3.amazonaws.com/arbimon2/project_2770/detections/10553/34_16.png,1575478920000,,0.3710781267463804,22307
1367,168306280,MON_20191204_200000.p1.flac,Miraflores,2019,12,Agelasticus thilius,Alternative Song,40.72199546485261,42.15582766439909,1205.859375,7235.15625,present,https://s3.amazonaws.com/arbimon2/project_2770/detections/10553/34_18.png,1575489600000,,0.3486013674958403,22307
1368,168306288,MON_20191204_200700.p14.flac,Miraflores,2019,12,Agelasticus thilius,Alternative Song,39.10820861678005,40.54204081632653,1205.859375,7235.15625,present,https://s3.amazonaws.com/arbimon2/project_2770/detections/10553/34_26.png,1575490800000,,0.2807725337999399,22307
1369,168306292,MON_20191204_200700.p21.flac,Miraflores,2019,12,Agelasticus thilius,Alternative Song,39.72934240362812,41.1631746031746,1205.859375,7235.15625,present,https://s3.amazonaws.com/arbimon2/project_2770/detections/10553/34_30.png,1575491220000,,0.3875544076327628,22307
1370,168306294,MON_20191204_200700.p25.flac,Miraflores,2019,12,Agelasticus thilius,Alternative Song,51.44380952380953,52.87764172335601,1205.859375,7235.15625,present,https://s3.amazonaws.com/arbimon2/project_2770/detections/10553/34_32.png,1575491460000,,0.4422650820110401,22307
1371,168306295,MON_20191204_200700.p24.flac,Miraflores,2019,12,Agelasticus thilius,Alternative Song,51.66439909297052,53.098231292517006,1205.859375,7235.15625,present,https://s3.amazonaws.com/arbimon2/project_2770/detections/10553/34_33.png,1575491400000,,0.403252161486097,22307
1372,168306306,MON_20191205_060000.p2.flac,Miraflores,2019,12,Agelasticus thilius,Alternative Song,47.734421768707485,49.16825396825397,1205.859375,7235.15625,present,https://s3.amazonaws.com/arbimon2/project_2770/detections/10553/34_44.png,1575525660000,,0.2997359898876565,22307
1373,168306309,MON_20191205_060000.p3.flac,Miraflores,2019,12,Agelasticus thilius,Alternative Song,45.57496598639456,47.008798185941046,1205.859375,7235.15625,present,https://s3.amazonaws.com/arbimon2/project_2770/detections/10553/34_47.png,1575525720000,,0.3685871930889928,22307
1374,168306310,MON_20191205_060700.p1.flac,Miraflores,2019,12,Agelasticus thilius,Alternative Song,12.33560090702948,13.769433106575963,1205.859375,7235.15625,present,https://s3.amazonaws.com/arbimon2/project_2770/detections/10553/34_48.png,1575526020000,,0.3446476194497591,22307
1375,168306311,MON_20191205_060700.p8.flac,Miraflores,2019,12,Agelasticus thilius,Alternative Song,17.87356009070295,19.30739229024943,1205.859375,7235.15625,present,https://s3.amazonaws.com/arbimon2/project_2770/detections/10553/34_49.png,1575526440000,,0.2924003567249305,22307
1376,168306323,MON_20191205_060700.p26.flac,Miraflores,2019,12,Agelasticus thilius,Alternative Song,13.810068027210884,15.24390022675737,1205.859375,7235.15625,present,https://s3.amazonaws.com/arbimon2/project_2770/detections/10553/34_61.png,1575527520000,,0.2662625384580959,22307
1377,168306328,MON_20191205_060700.p30.flac,Miraflores,2019,12,Agelasticus thilius,Alternative Song,3.523628117913832,4.957460317460318,1205.859375,7235.15625,present,https://s3.amazonaws.com/arbimon2/project_2770/detections/10553/34_66.png,1575527760000,,0.3016175469728444,22307
1378,168306329,MON_20191213_080000.p2.flac,Miraflores,2019,12,Agelasticus thilius,Alternative Song,50.49759637188209,51.93142857142857,1205.859375,7235.15625,present,https://s3.amazonaws.com/arbimon2/project_2770/detections/10553/41_0.png,1576224060000,,0.3358865327071519,22307
1379,168306331,MON_20191213_100000.p1.flac,Miraflores,2019,12,Agelasticus thilius,Alternative Song,17.838730158730158,19.272562358276645,1205.859375,7235.15625,present,https://s3.amazonaws.com/arbimon2/project_2770/detections/10553/41_2.png,1576231200000,,0.3429379633802487,22307
1380,168306339,MON_20191213_130000.p4.flac,Miraflores,2019,12,Agelasticus thilius,Alternative Song,46.29478458049886,47.72861678004535,1205.859375,7235.15625,present,https://s3.amazonaws.com/arbimon2/project_2770/detections/10553/41_10.png,1576242180000,,0.2727292547705396,22307
1381,168306345,MON_20191213_140000.p4.flac,Miraflores,2019,12,Agelasticus thilius,Alternative Song,12.178866213151927,13.612698412698412,1205.859375,7235.15625,present,https://s3.amazonaws.com/arbimon2/project_2770/detections/10553/41_16.png,1576245780000,,0.2803645039450224,22307
1382,168306351,MON_20191213_160000.p2.flac,Miraflores,2019,12,Agelasticus thilius,Alternative Song,23.278004535147392,24.71183673469388,1205.859375,7235.15625,present,https://s3.amazonaws.com/arbimon2/project_2770/detections/10553/41_22.png,1576252860000,,0.277331031101816,22307
1383,168306364,MON_20191213_200700.p11.flac,Miraflores,2019,12,Agelasticus thilius,Alternative Song,40.39111111111111,41.8249433106576,1205.859375,7235.15625,present,https://s3.amazonaws.com/arbimon2/project_2770/detections/10553/41_35.png,1576268220000,,0.3162440111727694,22307
1384,168306372,MON_20191213_200700.p29.flac,Miraflores,2019,12,Agelasticus thilius,Alternative Song,47.96662131519275,49.400453514739226,1205.859375,7235.15625,present,https://s3.amazonaws.com/arbimon2/project_2770/detections/10553/41_43.png,1576269300000,,0.3248056408173224,22307
1385,168306377,MON_20191213_200700.p33.flac,Miraflores,2019,12,Agelasticus thilius,Alternative Song,15.36,16.793832199546486,1205.859375,7235.15625,present,https://s3.amazonaws.com/arbimon2/project_2770/detections/10553/41_48.png,1576269540000,,0.3321389422026242,22307
1386,168306382,MON_20191213_200700.p40.flac,Miraflores,2019,12,Agelasticus thilius,Alternative Song,36.79201814058957,38.225850340136056,1205.859375,7235.15625,present,https://s3.amazonaws.com/arbimon2/project_2770/detections/10553/41_53.png,1576269960000,,0.2894905716489312,22307
1387,168306384,MON_20191213_200700.p42.flac,Miraflores,2019,12,Agelasticus thilius,Alternative Song,36.617868480725626,38.051700680272106,1205.859375,7235.15625,present,https://s3.amazonaws.com/arbimon2/project_2770/detections/10553/41_55.png,1576270080000,,0.304634248036371,22307
1388,168306396,MON_20191213_210000.p4.flac,Miraflores,2019,12,Agelasticus thilius,Alternative Song,46.15546485260771,47.589297052154194,1205.859375,7235.15625,present,https://s3.amazonaws.com/arbimon2/project_2770/detections/10553/41_67.png,1576270980000,,0.3976458940871785,22307
1389,168306441,MON_20191214_070000.p1.flac,Miraflores,2019,12,Agelasticus thilius,Alternative Song,30.232380952380957,31.66621315192744,1205.859375,7235.15625,present,https://s3.amazonaws.com/arbimon2/project_2770/detections/10553/41_112.png,1576306800000,,0.294184621274642,22307
1390,168306455,MON_20191214_170000.p4.flac,Miraflores,2019,12,Agelasticus thilius,Alternative Song,13.008979591836734,14.44281179138322,1205.859375,7235.15625,present,https://s3.amazonaws.com/arbimon2/project_2770/detections/10553/41_126.png,1576342980000,,0.258550252028925,22307
1391,168306456,MON_20191214_170000.p4.flac,Miraflores,2019,12,Agelasticus thilius,Alternative Song,32.23510204081633,33.66893424036281,1205.859375,7235.15625,present,https://s3.amazonaws.com/arbimon2/project_2770/detections/10553/41_127.png,1576342980000,,0.254297040307394,22307
1392,168306459,MON_20191214_190000.p5.flac,Miraflores,2019,12,Agelasticus thilius,Alternative Song,48.38458049886621,49.8184126984127,1205.859375,7235.15625,present,https://s3.amazonaws.com/arbimon2/project_2770/detections/10553/41_130.png,1576350240000,,0.4033931988945943,22307
1393,168306460,MON_20191214_190000.p5.flac,Miraflores,2019,12,Agelasticus thilius,Alternative Song,15.522539682539682,16.956371882086167,1205.859375,7235.15625,present,https://s3.amazonaws.com/arbimon2/project_2770/detections/10553/41_131.png,1576350240000,,0.3502393670694692,22307
1394,168306495,MON_20200123_200700.p21.flac,Miraflores,2020,1,Agelasticus thilius,Alternative Song,10.820498866213152,12.254331065759636,1205.859375,7235.15625,present,https://s3.amazonaws.com/arbimon2/project_2770/detections/10553/70_26.png,1579811220000,,0.3078711198214027,22307
1395,168306498,MON_20200123_210000.p3.flac,Miraflores,2020,1,Agelasticus thilius,Alternative Song,21.73387755102041,23.167709750566893,1205.859375,7235.15625,present,https://s3.amazonaws.com/arbimon2/project_2770/detections/10553/70_29.png,1579813320000,,0.2603563916737751,22307
1396,168306504,MON_20200102_200700.p4.flac,Miraflores,2020,1,Agelasticus thilius,Alternative Song,20.68897959183673,22.12281179138322,1205.859375,7235.15625,present,https://s3.amazonaws.com/arbimon2/project_2770/detections/10553/56_4.png,1577995800000,,0.2715575256565967,22307
1397,168306505,MON_20200102_200700.p4.flac,Miraflores,2020,1,Agelasticus thilius,Alternative Song,34.220408163265304,35.65424036281179,1205.859375,7235.15625,present,https://s3.amazonaws.com/arbimon2/project_2770/detections/10553/56_5.png,1577995800000,,0.2563020012407726,22307
1398,168306523,MON_20200102_200700.p23.flac,Miraflores,2020,1,Agelasticus thilius,Alternative Song,48.90122448979592,50.3350566893424,1205.859375,7235.15625,present,https://s3.amazonaws.com/arbimon2/project_2770/detections/10553/56_23.png,1577996940000,,0.2551089527425053,22307
1399,168306552,MON_20200103_070000.p1.flac,Miraflores,2020,1,Agelasticus thilius,Alternative Song,46.4863492063492,47.92018140589569,1205.859375,7235.15625,present,https://s3.amazonaws.com/arbimon2/project_2770/detections/10553/56_52.png,1578034800000,,0.2739459624814691,22307
1400,168306591,MON_20200103_200700.p34.flac,Miraflores,2020,1,Agelasticus thilius,Alternative Song,36.67591836734694,38.10975056689343,1205.859375,7235.15625,present,https://s3.amazonaws.com/arbimon2/project_2770/detections/10553/56_91.png,1578084000000,,0.2010163147775415,22307
1401,168306609,MON_20200131_110000.p4.flac,Miraflores,2020,1,Agelasticus thilius,Alternative Song,19.574421768707484,21.008253968253968,1205.859375,7235.15625,present,https://s3.amazonaws.com/arbimon2/project_2770/detections/10553/76_14.png,1580468580000,,0.2943860710389702,22307
1402,168306685,MON_20200116_060700.p6.flac,Miraflores,2020,1,Agelasticus thilius,Alternative Song,38.817959183673466,40.25179138321995,1205.859375,7235.15625,present,https://s3.amazonaws.com/arbimon2/project_2770/detections/10553/65_47.png,1579155120000,,0.2635100647382021,22307
1403,168306687,MON_20200116_060700.p8.flac,Miraflores,2020,1,Agelasticus thilius,Alternative Song,47.02040816326531,48.45424036281179,1205.859375,7235.15625,present,https://s3.amazonaws.com/arbimon2/project_2770/detections/10553/65_49.png,1579155240000,,0.2810313390731373,22307
1404,168306705,MON_20191216_060700.p6.flac,Miraflores,2019,12,Agelasticus thilius,Alternative Song,29.82022675736961,31.2540589569161,1205.859375,7235.15625,present,https://s3.amazonaws.com/arbimon2/project_2770/detections/10553/43_4.png,1576476720000,,0.2727423126695341,22307
1405,168306739,MON_20191216_080000.p5.flac,Miraflores,2019,12,Agelasticus thilius,Alternative Song,18.877823129251706,20.311655328798185,1205.859375,7235.15625,present,https://s3.amazonaws.com/arbimon2/project_2770/detections/10553/43_38.png,1576483440000,,0.339601575304584,22307
1406,168306740,MON_20191216_080000.p5.flac,Miraflores,2019,12,Agelasticus thilius,Alternative Song,2.1188208616780044,3.5526530612244898,1205.859375,7235.15625,present,https://s3.amazonaws.com/arbimon2/project_2770/detections/10553/43_39.png,1576483440000,,0.3287250521975379,22307
1407,168306744,MON_20191216_110000.p4.flac,Miraflores,2019,12,Agelasticus thilius,Alternative Song,20.114285714285717,21.5481179138322,1205.859375,7235.15625,present,https://s3.amazonaws.com/arbimon2/project_2770/detections/10553/43_43.png,1576494180000,,0.3099245289318122,22307
1408,168306752,MON_20191216_130000.p3.flac,Miraflores,2019,12,Agelasticus thilius,Alternative Song,38.75990929705216,40.19374149659864,1205.859375,7235.15625,present,https://s3.amazonaws.com/arbimon2/project_2770/detections/10553/43_51.png,1576501320000,,0.2852808354103034,22307
1409,168306789,MON_20191216_200700.p12.flac,Miraflores,2019,12,Agelasticus thilius,Alternative Song,1.2887074829931973,2.7225396825396824,1205.859375,7235.15625,present,https://s3.amazonaws.com/arbimon2/project_2770/detections/10553/43_88.png,1576527480000,,0.2760148449952231,22307
1410,168306793,MON_20191216_200700.p14.flac,Miraflores,2019,12,Agelasticus thilius,Alternative Song,7.738049886621315,9.1718820861678,1205.859375,7235.15625,present,https://s3.amazonaws.com/arbimon2/project_2770/detections/10553/43_92.png,1576527600000,,0.3034884773781337,22307
1411,168306795,MON_20191216_200700.p14.flac,Miraflores,2019,12,Agelasticus thilius,Alternative Song,16.51519274376417,17.949024943310658,1205.859375,7235.15625,present,https://s3.amazonaws.com/arbimon2/project_2770/detections/10553/43_94.png,1576527600000,,0.2531545441711111,22307
1412,168306797,MON_20191216_200700.p20.flac,Miraflores,2019,12,Agelasticus thilius,Alternative Song,13.519818594104308,14.953650793650796,1205.859375,7235.15625,present,https://s3.amazonaws.com/arbimon2/project_2770/detections/10553/43_96.png,1576527960000,,0.2926056776852561,22307
1413,168306800,MON_20191216_200700.p23.flac,Miraflores,2019,12,Agelasticus thilius,Alternative Song,10.948208616780043,12.38204081632653,1205.859375,7235.15625,present,https://s3.amazonaws.com/arbimon2/project_2770/detections/10553/43_99.png,1576528140000,,0.3666486665977281,22307
1414,168306804,MON_20191216_200700.p28.flac,Miraflores,2019,12,Agelasticus thilius,Alternative Song,50.62530612244898,52.05913832199546,1205.859375,7235.15625,present,https://s3.amazonaws.com/arbimon2/project_2770/detections/10553/43_103.png,1576528440000,,0.2603340658247074,22307
1415,168306806,MON_20191216_200700.p31.flac,Miraflores,2019,12,Agelasticus thilius,Alternative Song,30.778049886621314,32.2118820861678,1205.859375,7235.15625,present,https://s3.amazonaws.com/arbimon2/project_2770/detections/10553/43_105.png,1576528620000,,0.3376336654008128,22307
1416,168306807,MON_20191216_200700.p31.flac,Miraflores,2019,12,Agelasticus thilius,Alternative Song,13.902947845804988,15.336780045351476,1205.859375,7235.15625,present,https://s3.amazonaws.com/arbimon2/project_2770/detections/10553/43_106.png,1576528620000,,0.3276150081405343,22307
1417,168306809,MON_20191216_200700.p32.flac,Miraflores,2019,12,Agelasticus thilius,Alternative Song,0.6501587301587302,2.0839909297052155,1205.859375,7235.15625,present,https://s3.amazonaws.com/arbimon2/project_2770/detections/10553/43_108.png,1576528680000,,0.3370340714090409,22307
1418,168306812,MON_20191216_200700.p33.flac,Miraflores,2019,12,Agelasticus thilius,Alternative Song,38.04589569160998,39.47972789115647,1205.859375,7235.15625,present,https://s3.amazonaws.com/arbimon2/project_2770/detections/10553/43_111.png,1576528740000,,0.2861193186615481,22307
1419,168306826,MON_20191216_200700.p49.flac,Miraflores,2019,12,Agelasticus thilius,Alternative Song,31.306303854875285,32.74013605442177,1205.859375,7235.15625,present,https://s3.amazonaws.com/arbimon2/project_2770/detections/10553/43_125.png,1576529700000,,0.2738083188244599,22307
1420,168306830,MON_20191216_200700.p51.flac,Miraflores,2019,12,Agelasticus thilius,Alternative Song,47.2584126984127,48.69224489795919,1205.859375,7235.15625,present,https://s3.amazonaws.com/arbimon2/project_2770/detections/10553/43_129.png,1576529820000,,0.2958975919603782,22307
1421,168306846,MON_20191216_210000.p1.flac,Miraflores,2019,12,Agelasticus thilius,Alternative Song,49.191473922902496,50.62530612244898,1205.859375,7235.15625,present,https://s3.amazonaws.com/arbimon2/project_2770/detections/10553/43_145.png,1576530000000,,0.2927212231815262,22307
1422,168306885,MON_20191217_080000.p4.flac,Miraflores,2019,12,Agelasticus thilius,Alternative Song,43.41551020408164,44.84934240362812,1205.859375,7235.15625,present,https://s3.amazonaws.com/arbimon2/project_2770/detections/10553/43_184.png,1576569780000,,0.2906964981504077,22307
1423,168306887,MON_20191217_090000.p5.flac,Miraflores,2019,12,Agelasticus thilius,Alternative Song,19.15065759637188,20.58448979591837,1205.859375,7235.15625,present,https://s3.amazonaws.com/arbimon2/project_2770/detections/10553/43_186.png,1576573440000,,0.3772729669912636,22307
1424,168306916,MON_20191231_200000.p1.flac,Miraflores,2019,12,Agelasticus thilius,Alternative Song,16.329433106575962,17.76326530612245,1205.859375,7235.15625,present,https://s3.amazonaws.com/arbimon2/project_2770/detections/10553/54_26.png,1577822400000,,0.2651649305024922,22307
1425,168306917,MON_20191231_200700.p16.flac,Miraflores,2019,12,Agelasticus thilius,Alternative Song,40.65233560090703,42.08616780045352,1205.859375,7235.15625,present,https://s3.amazonaws.com/arbimon2/project_2770/detections/10553/54_27.png,1577823720000,,0.2952439702546794,22307
1426,168306918,MON_20200101_060000.p1.flac,Miraflores,2020,1,Agelasticus thilius,Alternative Song,35.16662131519274,36.60045351473923,1205.859375,7235.15625,present,https://s3.amazonaws.com/arbimon2/project_2770/detections/10553/54_28.png,1577858400000,,0.2808591653024367,22307
1427,168306919,MON_20200101_060700.p28.flac,Miraflores,2020,1,Agelasticus thilius,Alternative Song,28.560544217687077,29.99437641723356,1205.859375,7235.15625,present,https://s3.amazonaws.com/arbimon2/project_2770/detections/10553/54_29.png,1577860440000,,0.2682741576012775,22307
1428,168306947,MON_20191220_130000.p5.flac,Miraflores,2019,12,Agelasticus thilius,Alternative Song,24.584126984126986,26.01795918367347,1205.859375,7235.15625,present,https://s3.amazonaws.com/arbimon2/project_2770/detections/10553/46_22.png,1576847040000,,0.3386993542440535,22307
1429,168306949,MON_20191220_160000.p3.flac,Miraflores,2019,12,Agelasticus thilius,Alternative Song,14.878185941043084,16.31201814058957,1205.859375,7235.15625,present,https://s3.amazonaws.com/arbimon2/project_2770/detections/10553/46_24.png,1576857720000,,0.2875408090079485,22307
1430,168306954,MON_20191220_190000.p5.flac,Miraflores,2019,12,Agelasticus thilius,Alternative Song,54.839727891156464,56.27356009070295,1205.859375,7235.15625,present,https://s3.amazonaws.com/arbimon2/project_2770/detections/10553/46_29.png,1576868640000,,0.2525812976593753,22307
1431,168306967,MON_20191220_200700.p5.flac,Miraflores,2019,12,Agelasticus thilius,Alternative Song,30.68517006802721,32.1190022675737,1205.859375,7235.15625,present,https://s3.amazonaws.com/arbimon2/project_2770/detections/10553/46_42.png,1576872660000,,0.270562614873473,22307
1432,168306972,MON_20191220_200700.p10.flac,Miraflores,2019,12,Agelasticus thilius,Alternative Song,44.199183673469385,45.63301587301587,1205.859375,7235.15625,present,https://s3.amazonaws.com/arbimon2/project_2770/detections/10553/46_47.png,1576872960000,,0.2570606499405454,22307
1433,168306974,MON_20191220_200700.p9.flac,Miraflores,2019,12,Agelasticus thilius,Alternative Song,29.332607709750565,30.76643990929705,1205.859375,7235.15625,present,https://s3.amazonaws.com/arbimon2/project_2770/detections/10553/46_49.png,1576872900000,,0.2735970175045889,22307
1434,168306975,MON_20191220_200700.p11.flac,Miraflores,2019,12,Agelasticus thilius,Alternative Song,29.1178231292517,30.551655328798187,1205.859375,7235.15625,present,https://s3.amazonaws.com/arbimon2/project_2770/detections/10553/46_50.png,1576873020000,,0.2833178975792432,22307
1435,168306976,MON_20191220_200700.p11.flac,Miraflores,2019,12,Agelasticus thilius,Alternative Song,44.0540589569161,45.48789115646259,1205.859375,7235.15625,present,https://s3.amazonaws.com/arbimon2/project_2770/detections/10553/46_51.png,1576873020000,,0.2597216223230736,22307
1436,168306981,MON_20191220_200700.p17.flac,Miraflores,2019,12,Agelasticus thilius,Alternative Song,45.19183673469388,46.625668934240366,1205.859375,7235.15625,present,https://s3.amazonaws.com/arbimon2/project_2770/detections/10553/46_56.png,1576873380000,,0.3038390117360763,22307
1437,168306987,MON_20191220_200700.p27.flac,Miraflores,2019,12,Agelasticus thilius,Alternative Song,19.696326530612247,21.13015873015873,1205.859375,7235.15625,present,https://s3.amazonaws.com/arbimon2/project_2770/detections/10553/46_62.png,1576873980000,,0.3053045044845263,22307
1438,168306988,MON_20191220_200700.p27.flac,Miraflores,2019,12,Agelasticus thilius,Alternative Song,34.02303854875284,35.45687074829932,1205.859375,7235.15625,present,https://s3.amazonaws.com/arbimon2/project_2770/detections/10553/46_63.png,1576873980000,,0.2924574219198555,22307
1439,168306999,MON_20191220_200700.p51.flac,Miraflores,2019,12,Agelasticus thilius,Alternative Song,56.06458049886621,57.4984126984127,1205.859375,7235.15625,present,https://s3.amazonaws.com/arbimon2/project_2770/detections/10553/46_74.png,1576875420000,,0.3892617897754531,22307
1440,168307003,MON_20191220_210000.p2.flac,Miraflores,2019,12,Agelasticus thilius,Alternative Song,16.190113378684806,17.623945578231293,1205.859375,7235.15625,present,https://s3.amazonaws.com/arbimon2/project_2770/detections/10553/46_78.png,1576875660000,,0.3300826960583186,22307
1441,168307004,MON_20191220_210000.p3.flac,Miraflores,2019,12,Agelasticus thilius,Alternative Song,13.56045351473923,14.994285714285716,1205.859375,7235.15625,present,https://s3.amazonaws.com/arbimon2/project_2770/detections/10553/46_79.png,1576875720000,,0.3098629932602808,22307
1442,168307006,MON_20191220_210000.p5.flac,Miraflores,2019,12,Agelasticus thilius,Alternative Song,31.41659863945578,32.850430839002264,1205.859375,7235.15625,present,https://s3.amazonaws.com/arbimon2/project_2770/detections/10553/46_81.png,1576875840000,,0.3817270950502304,22307
1443,168307055,MON_20200104_200000.p4.flac,Miraflores,2020,1,Agelasticus thilius,Alternative Song,1.085532879818594,2.5193650793650795,1205.859375,7235.15625,present,https://s3.amazonaws.com/arbimon2/project_2770/detections/10553/57_18.png,1578168180000,,0.2650132216875162,22307
1444,168307083,MON_20200104_200700.p37.flac,Miraflores,2020,1,Agelasticus thilius,Alternative Song,21.791927437641725,23.225759637188208,1205.859375,7235.15625,present,https://s3.amazonaws.com/arbimon2/project_2770/detections/10553/57_46.png,1578170580000,,0.2747434033631766,22307
1445,168307107,MON_20200105_060700.p43.flac,Miraflores,2020,1,Agelasticus thilius,Alternative Song,56.07038548752834,57.50421768707483,1205.859375,7235.15625,present,https://s3.amazonaws.com/arbimon2/project_2770/detections/10553/57_70.png,1578206940000,,0.3065381463107313,22307
1446,168307112,MON_20200118_060700.p14.flac,Miraflores,2020,1,Agelasticus thilius,Alternative Song,39.65387755102041,41.087709750566894,1205.859375,7235.15625,present,https://s3.amazonaws.com/arbimon2/project_2770/detections/10553/66_3.png,1579328400000,,0.2757400900943825,22307
1447,168307114,MON_20200118_060700.p16.flac,Miraflores,2020,1,Agelasticus thilius,Alternative Song,44.82031746031746,46.25414965986395,1205.859375,7235.15625,present,https://s3.amazonaws.com/arbimon2/project_2770/detections/10553/66_5.png,1579328520000,,0.2581854921042533,22307
1448,168307115,MON_20200118_060700.p19.flac,Miraflores,2020,1,Agelasticus thilius,Alternative Song,55.08934240362812,56.5231746031746,1205.859375,7235.15625,present,https://s3.amazonaws.com/arbimon2/project_2770/detections/10553/66_6.png,1579328700000,,0.2583096668203896,22307
1449,168307122,MON_20200118_060700.p21.flac,Miraflores,2020,1,Agelasticus thilius,Alternative Song,13.159909297052154,14.59374149659864,1205.859375,7235.15625,present,https://s3.amazonaws.com/arbimon2/project_2770/detections/10553/66_13.png,1579328820000,,0.2644393524195539,22307
1450,168307162,MON_20191217_120000.p5.flac,Miraflores,2019,12,Agelasticus thilius,Alternative Song,0.8185034013605442,2.252335600907029,1205.859375,7235.15625,present,https://s3.amazonaws.com/arbimon2/project_2770/detections/10553/44_8.png,1576584240000,,0.334083270649736,22307
1451,168307175,MON_20191217_160000.p1.flac,Miraflores,2019,12,Agelasticus thilius,Alternative Song,46.7243537414966,48.15818594104309,1205.859375,7235.15625,present,https://s3.amazonaws.com/arbimon2/project_2770/detections/10553/44_21.png,1576598400000,,0.2872047362615339,22307
1452,168307176,MON_20191217_160000.p2.flac,Miraflores,2019,12,Agelasticus thilius,Alternative Song,25.13560090702948,26.569433106575964,1205.859375,7235.15625,present,https://s3.amazonaws.com/arbimon2/project_2770/detections/10553/44_22.png,1576598460000,,0.3139410707592846,22307
1453,168307177,MON_20191217_160000.p2.flac,Miraflores,2019,12,Agelasticus thilius,Alternative Song,41.98167800453515,43.41551020408164,1205.859375,7235.15625,present,https://s3.amazonaws.com/arbimon2/project_2770/detections/10553/44_23.png,1576598460000,,0.2844412797214365,22307
1454,168307191,MON_20191217_200000.p1.flac,Miraflores,2019,12,Agelasticus thilius,Alternative Song,9.1718820861678,10.605714285714283,1205.859375,7235.15625,present,https://s3.amazonaws.com/arbimon2/project_2770/detections/10553/44_37.png,1576612800000,,0.3670983125992627,22307
1455,168307192,MON_20191217_200000.p1.flac,Miraflores,2019,12,Agelasticus thilius,Alternative Song,56.77859410430839,58.21242630385488,1205.859375,7235.15625,present,https://s3.amazonaws.com/arbimon2/project_2770/detections/10553/44_38.png,1576612800000,,0.2792953571322293,22307
1456,168307193,MON_20191217_200000.p1.flac,Miraflores,2019,12,Agelasticus thilius,Alternative Song,45.09895691609977,46.53278911564626,1205.859375,7235.15625,present,https://s3.amazonaws.com/arbimon2/project_2770/detections/10553/44_39.png,1576612800000,,0.2569934006183034,22307
1457,168307194,MON_20191217_200700.p1.flac,Miraflores,2019,12,Agelasticus thilius,Alternative Song,20.543854875283447,21.97768707482993,1205.859375,7235.15625,present,https://s3.amazonaws.com/arbimon2/project_2770/detections/10553/44_40.png,1576613220000,,0.2837882409615359,22307
1458,168307195,MON_20191217_200700.p2.flac,Miraflores,2019,12,Agelasticus thilius,Alternative Song,33.0768253968254,34.510657596371885,1205.859375,7235.15625,present,https://s3.amazonaws.com/arbimon2/project_2770/detections/10553/44_41.png,1576613280000,,0.2830414438193261,22307
1459,168307197,MON_20191217_200700.p6.flac,Miraflores,2019,12,Agelasticus thilius,Alternative Song,44.01342403628118,45.44725623582767,1205.859375,7235.15625,present,https://s3.amazonaws.com/arbimon2/project_2770/detections/10553/44_43.png,1576613520000,,0.3069397753645196,22307
1460,168307198,MON_20191217_200700.p6.flac,Miraflores,2019,12,Agelasticus thilius,Alternative Song,58.16018140589569,59.59401360544218,1205.859375,7235.15625,present,https://s3.amazonaws.com/arbimon2/project_2770/detections/10553/44_44.png,1576613520000,,0.2968920221328601,22307
1461,168307199,MON_20191217_200700.p7.flac,Miraflores,2019,12,Agelasticus thilius,Alternative Song,10.837913832199549,12.271746031746032,1205.859375,7235.15625,present,https://s3.amazonaws.com/arbimon2/project_2770/detections/10553/44_45.png,1576613580000,,0.3795584191063496,22307
1462,168307200,MON_20191217_200700.p8.flac,Miraflores,2019,12,Agelasticus thilius,Alternative Song,29.52997732426304,30.963809523809523,1205.859375,7235.15625,present,https://s3.amazonaws.com/arbimon2/project_2770/detections/10553/44_46.png,1576613640000,,0.2534577421483382,22307
1463,168307201,MON_20191217_200700.p10.flac,Miraflores,2019,12,Agelasticus thilius,Alternative Song,8.510113378684807,9.943945578231292,1205.859375,7235.15625,present,https://s3.amazonaws.com/arbimon2/project_2770/detections/10553/44_47.png,1576613760000,,0.3925488665910627,22307
1464,168307202,MON_20191217_200700.p10.flac,Miraflores,2019,12,Agelasticus thilius,Alternative Song,32.06095238095238,33.494784580498866,1205.859375,7235.15625,present,https://s3.amazonaws.com/arbimon2/project_2770/detections/10553/44_48.png,1576613760000,,0.353838942084797,22307
1465,168307203,MON_20191217_200700.p14.flac,Miraflores,2019,12,Agelasticus thilius,Alternative Song,24.259047619047617,25.692879818594104,1205.859375,7235.15625,present,https://s3.amazonaws.com/arbimon2/project_2770/detections/10553/44_49.png,1576614000000,,0.4349699875037864,22307
1466,168307204,MON_20191217_200700.p14.flac,Miraflores,2019,12,Agelasticus thilius,Alternative Song,36.03156462585034,37.46539682539682,1205.859375,7235.15625,present,https://s3.amazonaws.com/arbimon2/project_2770/detections/10553/44_50.png,1576614000000,,0.3050381770340618,22307
1467,168307206,MON_20191217_200700.p13.flac,Miraflores,2019,12,Agelasticus thilius,Alternative Song,32.51954648526077,33.953378684807255,1205.859375,7235.15625,present,https://s3.amazonaws.com/arbimon2/project_2770/detections/10553/44_52.png,1576613940000,,0.3815862143295991,22307
1468,168307208,MON_20191217_200700.p15.flac,Miraflores,2019,12,Agelasticus thilius,Alternative Song,13.83328798185941,15.267120181405897,1205.859375,7235.15625,present,https://s3.amazonaws.com/arbimon2/project_2770/detections/10553/44_54.png,1576614060000,,0.359230547260942,22307
1469,168307210,MON_20191217_200700.p16.flac,Miraflores,2019,12,Agelasticus thilius,Alternative Song,56.62185941043084,58.05569160997732,1205.859375,7235.15625,present,https://s3.amazonaws.com/arbimon2/project_2770/detections/10553/44_56.png,1576614120000,,0.3209202361585461,22307
1470,168307211,MON_20191217_200700.p18.flac,Miraflores,2019,12,Agelasticus thilius,Alternative Song,33.837278911564624,35.27111111111111,1205.859375,7235.15625,present,https://s3.amazonaws.com/arbimon2/project_2770/detections/10553/44_57.png,1576614240000,,0.3253221914011705,22307
1471,168307212,MON_20191217_200700.p21.flac,Miraflores,2019,12,Agelasticus thilius,Alternative Song,38.945668934240366,40.379501133786846,1205.859375,7235.15625,present,https://s3.amazonaws.com/arbimon2/project_2770/detections/10553/44_58.png,1576614420000,,0.3413763274193647,22307
1472,168307218,MON_20191217_200700.p39.flac,Miraflores,2019,12,Agelasticus thilius,Alternative Song,36.03736961451247,37.47120181405896,1205.859375,7235.15625,present,https://s3.amazonaws.com/arbimon2/project_2770/detections/10553/44_64.png,1576615500000,,0.399651601490562,22307
1473,168307220,MON_20191217_200700.p38.flac,Miraflores,2019,12,Agelasticus thilius,Alternative Song,5.596009070294785,7.02984126984127,1205.859375,7235.15625,present,https://s3.amazonaws.com/arbimon2/project_2770/detections/10553/44_66.png,1576615440000,,0.3276236886638761,22307
1474,168307221,MON_20191217_200700.p41.flac,Miraflores,2019,12,Agelasticus thilius,Alternative Song,32.98394557823129,34.41777777777778,1205.859375,7235.15625,present,https://s3.amazonaws.com/arbimon2/project_2770/detections/10553/44_67.png,1576615620000,,0.3912001796409773,22307
1475,168307224,MON_20191217_200700.p40.flac,Miraflores,2019,12,Agelasticus thilius,Alternative Song,41.528888888888886,42.96272108843537,1205.859375,7235.15625,present,https://s3.amazonaws.com/arbimon2/project_2770/detections/10553/44_70.png,1576615560000,,0.2957035050941857,22307
1476,168307227,MON_20191217_210000.p2.flac,Miraflores,2019,12,Agelasticus thilius,Alternative Song,50.88072562358277,52.31455782312925,1205.859375,7235.15625,present,https://s3.amazonaws.com/arbimon2/project_2770/detections/10553/44_73.png,1576616460000,,0.2831454881437075,22307
1477,168307229,MON_20191217_210000.p4.flac,Miraflores,2019,12,Agelasticus thilius,Alternative Song,26.296598639455784,27.730430839002267,1205.859375,7235.15625,present,https://s3.amazonaws.com/arbimon2/project_2770/detections/10553/44_75.png,1576616580000,,0.3561001749834024,22307
1478,168307230,MON_20191217_210000.p5.flac,Miraflores,2019,12,Agelasticus thilius,Alternative Song,17.182766439909297,18.616598639455784,1205.859375,7235.15625,present,https://s3.amazonaws.com/arbimon2/project_2770/detections/10553/44_76.png,1576616640000,,0.4131760644450022,22307
1479,168307231,MON_20191217_210000.p5.flac,Miraflores,2019,12,Agelasticus thilius,Alternative Song,1.2016326530612245,2.6354648526077096,1205.859375,7235.15625,present,https://s3.amazonaws.com/arbimon2/project_2770/detections/10553/44_77.png,1576616640000,,0.3351384702661551,22307
1480,168307240,MON_20191218_060700.p24.flac,Miraflores,2019,12,Agelasticus thilius,Alternative Song,41.06448979591837,42.498321995464856,1205.859375,7235.15625,present,https://s3.amazonaws.com/arbimon2/project_2770/detections/10553/44_86.png,1576650600000,,0.3570991965483051,22307
1481,168307242,MON_20191218_060700.p29.flac,Miraflores,2019,12,Agelasticus thilius,Alternative Song,46.64888888888889,48.08272108843538,1205.859375,7235.15625,present,https://s3.amazonaws.com/arbimon2/project_2770/detections/10553/44_88.png,1576650900000,,0.3261304306884511,22307
1482,168307245,MON_20191218_060700.p36.flac,Miraflores,2019,12,Agelasticus thilius,Alternative Song,46.43990929705216,47.87374149659864,1205.859375,7235.15625,present,https://s3.amazonaws.com/arbimon2/project_2770/detections/10553/44_91.png,1576651320000,,0.3158548642648509,22307
1483,168307248,MON_20191218_060700.p48.flac,Miraflores,2019,12,Agelasticus thilius,Alternative Song,42.881451247165536,44.315283446712016,1205.859375,7235.15625,present,https://s3.amazonaws.com/arbimon2/project_2770/detections/10553/44_94.png,1576652040000,,0.350245409104774,22307
1484,168307249,MON_20191218_060700.p48.flac,Miraflores,2019,12,Agelasticus thilius,Alternative Song,10.292244897959185,11.72607709750567,1205.859375,7235.15625,present,https://s3.amazonaws.com/arbimon2/project_2770/detections/10553/44_95.png,1576652040000,,0.3210541266604459,22307
1485,168307258,MON_20191218_090000.p4.flac,Miraflores,2019,12,Agelasticus thilius,Alternative Song,26.63328798185941,28.06712018140589,1205.859375,7235.15625,present,https://s3.amazonaws.com/arbimon2/project_2770/detections/10553/44_104.png,1576659780000,,0.2648515251187618,22307
1486,168307259,MON_20191218_130000.p2.flac,Miraflores,2019,12,Agelasticus thilius,Alternative Song,55.54213151927438,56.975963718820864,1205.859375,7235.15625,present,https://s3.amazonaws.com/arbimon2/project_2770/detections/10553/44_105.png,1576674060000,,0.3603313097255914,22307
1487,168307260,MON_20191218_130000.p3.flac,Miraflores,2019,12,Agelasticus thilius,Alternative Song,9.241541950113378,10.675374149659865,1205.859375,7235.15625,present,https://s3.amazonaws.com/arbimon2/project_2770/detections/10553/44_106.png,1576674120000,,0.3312098811538199,22307
1488,168307261,MON_20191218_130000.p4.flac,Miraflores,2019,12,Agelasticus thilius,Alternative Song,56.92371882086168,58.35755102040817,1205.859375,7235.15625,present,https://s3.amazonaws.com/arbimon2/project_2770/detections/10553/44_107.png,1576674180000,,0.3808676502318656,22307
1489,168307262,MON_20191218_130000.p4.flac,Miraflores,2019,12,Agelasticus thilius,Alternative Song,37.29124716553288,38.72507936507937,1205.859375,7235.15625,present,https://s3.amazonaws.com/arbimon2/project_2770/detections/10553/44_108.png,1576674180000,,0.2863164611367308,22307
1490,168307263,MON_20191218_140000.p2.flac,Miraflores,2019,12,Agelasticus thilius,Alternative Song,2.223310657596372,3.657142857142857,1205.859375,7235.15625,present,https://s3.amazonaws.com/arbimon2/project_2770/detections/10553/44_109.png,1576677660000,,0.308330164455283,22307
1491,168307266,MON_20191218_160000.p3.flac,Miraflores,2019,12,Agelasticus thilius,Alternative Song,34.144943310657595,35.57877551020408,1205.859375,7235.15625,present,https://s3.amazonaws.com/arbimon2/project_2770/detections/10553/44_112.png,1576684920000,,0.3758175654875869,22307
1492,168307272,MON_20191218_190000.p1.flac,Miraflores,2019,12,Agelasticus thilius,Alternative Song,28.444444444444443,29.87827664399093,1205.859375,7235.15625,present,https://s3.amazonaws.com/arbimon2/project_2770/detections/10553/44_118.png,1576695600000,,0.3185246686499023,22307
1493,168307273,MON_20191218_190000.p3.flac,Miraflores,2019,12,Agelasticus thilius,Alternative Song,5.84562358276644,7.279455782312925,1205.859375,7235.15625,present,https://s3.amazonaws.com/arbimon2/project_2770/detections/10553/44_119.png,1576695720000,,0.3529490652799966,22307
1494,168307274,MON_20191218_190000.p3.flac,Miraflores,2019,12,Agelasticus thilius,Alternative Song,28.68244897959184,30.116281179138323,1205.859375,7235.15625,present,https://s3.amazonaws.com/arbimon2/project_2770/detections/10553/44_120.png,1576695720000,,0.3525979658280539,22307
1495,168307282,MON_20191218_200700.p19.flac,Miraflores,2019,12,Agelasticus thilius,Alternative Song,46.939138321995465,48.37297052154195,1205.859375,7235.15625,present,https://s3.amazonaws.com/arbimon2/project_2770/detections/10553/44_128.png,1576700700000,,0.3839922427370296,22307
1496,168307286,MON_20191218_200700.p22.flac,Miraflores,2019,12,Agelasticus thilius,Alternative Song,22.674285714285716,24.1081179138322,1205.859375,7235.15625,present,https://s3.amazonaws.com/arbimon2/project_2770/detections/10553/44_132.png,1576700880000,,0.3142446933202593,22307
1497,168307297,MON_20200106_200700.p16.flac,Miraflores,2020,1,Agelasticus thilius,Alternative Song,2.850249433106576,4.284081632653061,1205.859375,7235.15625,present,https://s3.amazonaws.com/arbimon2/project_2770/detections/10553/59_1.png,1578342120000,,0.3564168018521734,22307
1498,168307299,MON_20200106_200700.p27.flac,Miraflores,2020,1,Agelasticus thilius,Alternative Song,56.726349206349205,58.16018140589569,1205.859375,7235.15625,present,https://s3.amazonaws.com/arbimon2/project_2770/detections/10553/59_3.png,1578342780000,,0.2792247916780568,22307
1499,168307301,MON_20200106_200700.p28.flac,Miraflores,2020,1,Agelasticus thilius,Alternative Song,6.745396825396825,8.17922902494331,1205.859375,7235.15625,present,https://s3.amazonaws.com/arbimon2/project_2770/detections/10553/59_5.png,1578342840000,,0.2654772978621506,22307
1500,168307302,MON_20200106_200700.p37.flac,Miraflores,2020,1,Agelasticus thilius,Alternative Song,44.20498866213152,45.638820861678006,1205.859375,7235.15625,present,https://s3.amazonaws.com/arbimon2/project_2770/detections/10553/59_6.png,1578343380000,,0.2574260763935851,22307
1501,168307304,MON_20200106_200700.p39.flac,Miraflores,2020,1,Agelasticus thilius,Alternative Song,31.764897959183678,33.19873015873016,1205.859375,7235.15625,present,https://s3.amazonaws.com/arbimon2/project_2770/detections/10553/59_8.png,1578343500000,,0.2758425509411041,22307
1502,168307311,MON_20200106_200700.p46.flac,Miraflores,2020,1,Agelasticus thilius,Alternative Song,39.450702947845805,40.88453514739229,1205.859375,7235.15625,present,https://s3.amazonaws.com/arbimon2/project_2770/detections/10553/59_15.png,1578343920000,,0.2599434774240934,22307
1503,168307313,MON_20200106_200700.p48.flac,Miraflores,2020,1,Agelasticus thilius,Alternative Song,12.904489795918368,14.338321995464852,1205.859375,7235.15625,present,https://s3.amazonaws.com/arbimon2/project_2770/detections/10553/59_17.png,1578344040000,,0.2000211059220299,22307
1504,168307317,MON_20200106_210000.p4.flac,Miraflores,2020,1,Agelasticus thilius,Alternative Song,44.199183673469385,45.63301587301587,1205.859375,7235.15625,present,https://s3.amazonaws.com/arbimon2/project_2770/detections/10553/59_21.png,1578344580000,,0.3221692406938443,22307
1505,168307320,MON_20200106_210000.p3.flac,Miraflores,2020,1,Agelasticus thilius,Alternative Song,54.14312925170068,55.576961451247165,1205.859375,7235.15625,present,https://s3.amazonaws.com/arbimon2/project_2770/detections/10553/59_24.png,1578344520000,,0.2863880357059564,22307
1506,168307322,MON_20200106_210000.p5.flac,Miraflores,2020,1,Agelasticus thilius,Alternative Song,32.66467120181406,34.098503401360546,1205.859375,7235.15625,present,https://s3.amazonaws.com/arbimon2/project_2770/detections/10553/59_26.png,1578344640000,,0.2980687507724572,22307
1507,168307326,MON_20200107_060000.p1.flac,Miraflores,2020,1,Agelasticus thilius,Alternative Song,22.65687074829932,24.09070294784581,1205.859375,7235.15625,present,https://s3.amazonaws.com/arbimon2/project_2770/detections/10553/59_30.png,1578376800000,,0.2959860343175377,22307
1508,168307329,MON_20200107_060700.p3.flac,Miraflores,2020,1,Agelasticus thilius,Alternative Song,33.12907029478458,34.56290249433106,1205.859375,7235.15625,present,https://s3.amazonaws.com/arbimon2/project_2770/detections/10553/59_33.png,1578377340000,,0.2576315690245003,22307
1509,168307332,MON_20200107_060700.p10.flac,Miraflores,2020,1,Agelasticus thilius,Alternative Song,15.08716553287982,16.520997732426302,1205.859375,7235.15625,present,https://s3.amazonaws.com/arbimon2/project_2770/detections/10553/59_36.png,1578377760000,,0.2665370840031226,22307
1510,168307449,MON_20200121_080000.p3.flac,Miraflores,2020,1,Agelasticus thilius,Alternative Song,54.41596371882086,55.84979591836735,1205.859375,7235.15625,present,https://s3.amazonaws.com/arbimon2/project_2770/detections/10553/69_0.png,1579593720000,,0.2008677116739793,22307
1511,168307451,MON_20200121_200700.p7.flac,Miraflores,2020,1,Agelasticus thilius,Alternative Song,43.21814058956916,44.651972789115646,1205.859375,7235.15625,present,https://s3.amazonaws.com/arbimon2/project_2770/detections/10553/69_2.png,1579637580000,,0.3327522369002242,22307
1512,168307457,MON_20200122_070000.p2.flac,Miraflores,2020,1,Agelasticus thilius,Alternative Song,57.88154195011338,59.31537414965987,1205.859375,7235.15625,present,https://s3.amazonaws.com/arbimon2/project_2770/detections/10553/69_8.png,1579676460000,,0.2675550579799212,22307
1513,168307470,MON_20200110_200700.p22.flac,Miraflores,2020,1,Agelasticus thilius,Alternative Song,26.79002267573696,28.223854875283447,1205.859375,7235.15625,present,https://s3.amazonaws.com/arbimon2/project_2770/detections/10553/62_0.png,1578688080000,,0.2967818884527711,22307
1514,168307476,MON_20200110_200700.p28.flac,Miraflores,2020,1,Agelasticus thilius,Alternative Song,10.745034013605444,12.178866213151927,1205.859375,7235.15625,present,https://s3.amazonaws.com/arbimon2/project_2770/detections/10553/62_6.png,1578688440000,,0.2772263917856972,22307
1515,168307478,MON_20200110_200700.p33.flac,Miraflores,2020,1,Agelasticus thilius,Alternative Song,32.1015873015873,33.53541950113379,1205.859375,7235.15625,present,https://s3.amazonaws.com/arbimon2/project_2770/detections/10553/62_8.png,1578688740000,,0.3061568146113821,22307
1516,168307480,MON_20200110_200700.p34.flac,Miraflores,2020,1,Agelasticus thilius,Alternative Song,38.57995464852608,40.01378684807256,1205.859375,7235.15625,present,https://s3.amazonaws.com/arbimon2/project_2770/detections/10553/62_10.png,1578688800000,,0.2683566966227708,22307
1517,168307486,MON_20200110_200700.p43.flac,Miraflores,2020,1,Agelasticus thilius,Alternative Song,15.975328798185942,17.409160997732425,1205.859375,7235.15625,present,https://s3.amazonaws.com/arbimon2/project_2770/detections/10553/62_16.png,1578689340000,,0.2891576492384858,22307
1518,168307487,MON_20200110_210000.p1.flac,Miraflores,2020,1,Agelasticus thilius,Alternative Song,31.567528344671203,33.00136054421769,1205.859375,7235.15625,present,https://s3.amazonaws.com/arbimon2/project_2770/detections/10553/62_17.png,1578690000000,,0.2872553700446137,22307
1519,168307488,MON_20200110_210000.p2.flac,Miraflores,2020,1,Agelasticus thilius,Alternative Song,40.483990929705215,41.9178231292517,1205.859375,7235.15625,present,https://s3.amazonaws.com/arbimon2/project_2770/detections/10553/62_18.png,1578690060000,,0.2890727853443365,22307
1520,168307490,MON_20200110_210000.p4.flac,Miraflores,2020,1,Agelasticus thilius,Alternative Song,36.95455782312925,38.388390022675736,1205.859375,7235.15625,present,https://s3.amazonaws.com/arbimon2/project_2770/detections/10553/62_20.png,1578690180000,,0.2991091531759919,22307
1521,168307491,MON_20200110_210000.p3.flac,Miraflores,2020,1,Agelasticus thilius,Alternative Song,5.12,6.553832199546485,1205.859375,7235.15625,present,https://s3.amazonaws.com/arbimon2/project_2770/detections/10553/62_21.png,1578690120000,,0.2937303062361101,22307
1522,168307492,MON_20200110_210000.p3.flac,Miraflores,2020,1,Agelasticus thilius,Alternative Song,25.971519274376416,27.405351473922902,1205.859375,7235.15625,present,https://s3.amazonaws.com/arbimon2/project_2770/detections/10553/62_22.png,1578690120000,,0.2692102613208907,22307
1523,168307493,MON_20200110_210000.p5.flac,Miraflores,2020,1,Agelasticus thilius,Alternative Song,38.42902494331066,39.862857142857145,1205.859375,7235.15625,present,https://s3.amazonaws.com/arbimon2/project_2770/detections/10553/62_23.png,1578690240000,,0.2988875013970623,22307
1524,168307530,MON_20200111_060000.p3.flac,Miraflores,2020,1,Agelasticus thilius,Alternative Song,51.67600907029478,53.10984126984127,1205.859375,7235.15625,present,https://s3.amazonaws.com/arbimon2/project_2770/detections/10553/62_60.png,1578722520000,,0.2827516267776923,22307
1525,168307532,MON_20200111_060000.p3.flac,Miraflores,2020,1,Agelasticus thilius,Alternative Song,30.714195011337868,32.14802721088435,1205.859375,7235.15625,present,https://s3.amazonaws.com/arbimon2/project_2770/detections/10553/62_62.png,1578722520000,,0.2004804857126965,22307
1526,168307537,MON_20200111_060700.p2.flac,Miraflores,2020,1,Agelasticus thilius,Alternative Song,7.3317006802721085,8.765532879818593,1205.859375,7235.15625,present,https://s3.amazonaws.com/arbimon2/project_2770/detections/10553/62_67.png,1578722880000,,0.2878396198398919,22307
1527,168307542,MON_20200111_060700.p4.flac,Miraflores,2020,1,Agelasticus thilius,Alternative Song,19.429297052154197,20.86312925170068,1205.859375,7235.15625,present,https://s3.amazonaws.com/arbimon2/project_2770/detections/10553/62_72.png,1578723000000,,0.2676107326589423,22307
1528,168307545,MON_20200111_060700.p7.flac,Miraflores,2020,1,Agelasticus thilius,Alternative Song,2.316190476190476,3.7500226757369615,1205.859375,7235.15625,present,https://s3.amazonaws.com/arbimon2/project_2770/detections/10553/62_75.png,1578723180000,,0.2945156376584514,22307
1529,168307582,MON_20200111_200700.p48.flac,Miraflores,2020,1,Agelasticus thilius,Alternative Song,18.80235827664399,20.23619047619048,1205.859375,7235.15625,present,https://s3.amazonaws.com/arbimon2/project_2770/detections/10553/62_112.png,1578776040000,,0.3141734955040802,22307
1530,168307597,MON_20200313_190000.p4.flac,Miraflores,2020,3,Agelasticus thilius,Alternative Song,26.87709750566893,28.31092970521542,1205.859375,7235.15625,present,https://s3.amazonaws.com/arbimon2/project_2770/detections/10553/107_8.png,1584126180000,,0.3486884408980321,22307
1531,168307610,MON_20191229_200000.p2.flac,Miraflores,2019,12,Agelasticus thilius,Alternative Song,43.13106575963719,44.56489795918368,1205.859375,7235.15625,present,https://s3.amazonaws.com/arbimon2/project_2770/detections/10553/53_2.png,1577649660000,,0.2871512859111882,22307
1532,168307611,MON_20191229_200000.p2.flac,Miraflores,2019,12,Agelasticus thilius,Alternative Song,21.73387755102041,23.167709750566893,1205.859375,7235.15625,present,https://s3.amazonaws.com/arbimon2/project_2770/detections/10553/53_3.png,1577649660000,,0.2725467169253325,22307
1533,168307613,MON_20191229_200000.p1.flac,Miraflores,2019,12,Agelasticus thilius,Alternative Song,50.5556462585034,51.98947845804989,1205.859375,7235.15625,present,https://s3.amazonaws.com/arbimon2/project_2770/detections/10553/53_5.png,1577649600000,,0.2715401466260202,22307
1534,168307617,MON_20191229_200000.p4.flac,Miraflores,2019,12,Agelasticus thilius,Alternative Song,47.68798185941043,49.12181405895692,1205.859375,7235.15625,present,https://s3.amazonaws.com/arbimon2/project_2770/detections/10553/53_9.png,1577649780000,,0.2955661815025419,22307
1535,168307618,MON_20191229_200000.p4.flac,Miraflores,2019,12,Agelasticus thilius,Alternative Song,24.55510204081633,25.988934240362813,1205.859375,7235.15625,present,https://s3.amazonaws.com/arbimon2/project_2770/detections/10553/53_10.png,1577649780000,,0.2894931804221109,22307
1536,168307619,MON_20191229_200000.p4.flac,Miraflores,2019,12,Agelasticus thilius,Alternative Song,8.817777777777778,10.251609977324264,1205.859375,7235.15625,present,https://s3.amazonaws.com/arbimon2/project_2770/detections/10553/53_11.png,1577649780000,,0.2882504154271432,22307
1537,168307620,MON_20191229_200700.p2.flac,Miraflores,2019,12,Agelasticus thilius,Alternative Song,28.363174603174603,29.79700680272109,1205.859375,7235.15625,present,https://s3.amazonaws.com/arbimon2/project_2770/detections/10553/53_12.png,1577650080000,,0.2601365952509856,22307
1538,168307625,MON_20191229_200700.p10.flac,Miraflores,2019,12,Agelasticus thilius,Alternative Song,32.57759637188209,34.011428571428574,1205.859375,7235.15625,present,https://s3.amazonaws.com/arbimon2/project_2770/detections/10553/53_17.png,1577650560000,,0.275259028569457,22307
1539,168307626,MON_20191229_200700.p10.flac,Miraflores,2019,12,Agelasticus thilius,Alternative Song,7.325895691609977,8.759727891156462,1205.859375,7235.15625,present,https://s3.amazonaws.com/arbimon2/project_2770/detections/10553/53_18.png,1577650560000,,0.2738656863772716,22307
1540,168307628,MON_20191229_200700.p11.flac,Miraflores,2019,12,Agelasticus thilius,Alternative Song,0.6849886621315193,2.1188208616780044,1205.859375,7235.15625,present,https://s3.amazonaws.com/arbimon2/project_2770/detections/10553/53_20.png,1577650620000,,0.2779112967649568,22307
1541,168307630,MON_20191229_200700.p17.flac,Miraflores,2019,12,Agelasticus thilius,Alternative Song,36.45532879818594,37.889160997732425,1205.859375,7235.15625,present,https://s3.amazonaws.com/arbimon2/project_2770/detections/10553/53_22.png,1577650980000,,0.2696622964376201,22307
1542,168307633,MON_20191229_200700.p20.flac,Miraflores,2019,12,Agelasticus thilius,Alternative Song,45.22086167800453,46.65469387755102,1205.859375,7235.15625,present,https://s3.amazonaws.com/arbimon2/project_2770/detections/10553/53_25.png,1577651160000,,0.2008266771470386,22307
1543,168307636,MON_20191229_200700.p22.flac,Miraflores,2019,12,Agelasticus thilius,Alternative Song,23.562448979591835,24.99628117913832,1205.859375,7235.15625,present,https://s3.amazonaws.com/arbimon2/project_2770/detections/10553/53_28.png,1577651280000,,0.2801342878322983,22307
1544,168307637,MON_20191229_200700.p22.flac,Miraflores,2019,12,Agelasticus thilius,Alternative Song,38.992108843537416,40.4259410430839,1205.859375,7235.15625,present,https://s3.amazonaws.com/arbimon2/project_2770/detections/10553/53_29.png,1577651280000,,0.2547364192655864,22307
1545,168307640,MON_20191229_200700.p26.flac,Miraflores,2019,12,Agelasticus thilius,Alternative Song,41.87138321995465,43.30521541950113,1205.859375,7235.15625,present,https://s3.amazonaws.com/arbimon2/project_2770/detections/10553/53_32.png,1577651520000,,0.3532035278707704,22307
1546,168307646,MON_20191229_200700.p29.flac,Miraflores,2019,12,Agelasticus thilius,Alternative Song,9.166077097505667,10.599909297052154,1205.859375,7235.15625,present,https://s3.amazonaws.com/arbimon2/project_2770/detections/10553/53_38.png,1577651700000,,0.2736886358754883,22307
1547,168307649,MON_20191229_200700.p36.flac,Miraflores,2019,12,Agelasticus thilius,Alternative Song,3.1172789115646258,4.551111111111111,1205.859375,7235.15625,present,https://s3.amazonaws.com/arbimon2/project_2770/detections/10553/53_41.png,1577652120000,,0.325545206242662,22307
1548,168307650,MON_20191229_200700.p36.flac,Miraflores,2019,12,Agelasticus thilius,Alternative Song,29.51836734693877,30.95219954648526,1205.859375,7235.15625,present,https://s3.amazonaws.com/arbimon2/project_2770/detections/10553/53_42.png,1577652120000,,0.2666106382351191,22307
1549,168307652,MON_20191229_200700.p34.flac,Miraflores,2019,12,Agelasticus thilius,Alternative Song,6.844081632653062,8.277913832199546,1205.859375,7235.15625,present,https://s3.amazonaws.com/arbimon2/project_2770/detections/10553/53_44.png,1577652000000,,0.2587449128537646,22307
1550,168307654,MON_20191229_200700.p37.flac,Miraflores,2019,12,Agelasticus thilius,Alternative Song,21.524897959183672,22.95873015873016,1205.859375,7235.15625,present,https://s3.amazonaws.com/arbimon2/project_2770/detections/10553/53_46.png,1577652180000,,0.3246450057156024,22307
1551,168307657,MON_20191229_200700.p42.flac,Miraflores,2019,12,Agelasticus thilius,Alternative Song,4.481451247165533,5.915283446712018,1205.859375,7235.15625,present,https://s3.amazonaws.com/arbimon2/project_2770/detections/10553/53_49.png,1577652480000,,0.2831872444403114,22307
1552,168307661,MON_20191229_200700.p47.flac,Miraflores,2019,12,Agelasticus thilius,Alternative Song,41.06448979591837,42.498321995464856,1205.859375,7235.15625,present,https://s3.amazonaws.com/arbimon2/project_2770/detections/10553/53_53.png,1577652780000,,0.2711866531918128,22307
1553,168307662,MON_20191229_200700.p49.flac,Miraflores,2019,12,Agelasticus thilius,Alternative Song,32.287346938775514,33.72117913832199,1205.859375,7235.15625,present,https://s3.amazonaws.com/arbimon2/project_2770/detections/10553/53_54.png,1577652900000,,0.2716098406426028,22307
1554,168307668,MON_20191229_210000.p2.flac,Miraflores,2019,12,Agelasticus thilius,Alternative Song,34.202993197278914,35.636825396825394,1205.859375,7235.15625,present,https://s3.amazonaws.com/arbimon2/project_2770/detections/10553/53_60.png,1577653260000,,0.3417406859047965,22307
1555,168307669,MON_20191229_210000.p2.flac,Miraflores,2019,12,Agelasticus thilius,Alternative Song,44.98285714285714,46.41668934240363,1205.859375,7235.15625,present,https://s3.amazonaws.com/arbimon2/project_2770/detections/10553/53_61.png,1577653260000,,0.3168078537741142,22307
1556,168307674,MON_20191230_060000.p2.flac,Miraflores,2019,12,Agelasticus thilius,Alternative Song,55.79755102040816,57.23138321995465,1205.859375,7235.15625,present,https://s3.amazonaws.com/arbimon2/project_2770/detections/10553/53_66.png,1577685660000,,0.3022907741946724,22307
1557,168307675,MON_20191230_060000.p2.flac,Miraflores,2019,12,Agelasticus thilius,Alternative Song,21.681632653061225,23.11546485260771,1205.859375,7235.15625,present,https://s3.amazonaws.com/arbimon2/project_2770/detections/10553/53_67.png,1577685660000,,0.2627287766212225,22307
1558,168307677,MON_20191230_060000.p3.flac,Miraflores,2019,12,Agelasticus thilius,Alternative Song,46.32380952380952,47.75764172335601,1205.859375,7235.15625,present,https://s3.amazonaws.com/arbimon2/project_2770/detections/10553/53_69.png,1577685720000,,0.3845850039845596,22307
1559,168307678,MON_20191230_060000.p3.flac,Miraflores,2019,12,Agelasticus thilius,Alternative Song,34.74285714285714,36.17668934240363,1205.859375,7235.15625,present,https://s3.amazonaws.com/arbimon2/project_2770/detections/10553/53_70.png,1577685720000,,0.27540565601446,22307
1560,168307681,MON_20191230_060000.p5.flac,Miraflores,2019,12,Agelasticus thilius,Alternative Song,28.636009070294783,30.06984126984127,1205.859375,7235.15625,present,https://s3.amazonaws.com/arbimon2/project_2770/detections/10553/53_73.png,1577685840000,,0.2895101404022558,22307
1561,168307683,MON_20191230_060700.p2.flac,Miraflores,2019,12,Agelasticus thilius,Alternative Song,1.5847619047619048,3.01859410430839,1205.859375,7235.15625,present,https://s3.amazonaws.com/arbimon2/project_2770/detections/10553/53_75.png,1577686080000,,0.2803694836796972,22307
1562,168307687,MON_20191230_060700.p11.flac,Miraflores,2019,12,Agelasticus thilius,Alternative Song,8.248888888888889,9.682721088435374,1205.859375,7235.15625,present,https://s3.amazonaws.com/arbimon2/project_2770/detections/10553/53_79.png,1577686620000,,0.2831041109024744,22307
1563,168307690,MON_20191230_060700.p16.flac,Miraflores,2019,12,Agelasticus thilius,Alternative Song,20.93859410430839,22.37242630385488,1205.859375,7235.15625,present,https://s3.amazonaws.com/arbimon2/project_2770/detections/10553/53_82.png,1577686920000,,0.3532789489456891,22307
1564,168307691,MON_20191230_060700.p15.flac,Miraflores,2019,12,Agelasticus thilius,Alternative Song,11.517097505668934,12.95092970521542,1205.859375,7235.15625,present,https://s3.amazonaws.com/arbimon2/project_2770/detections/10553/53_83.png,1577686860000,,0.3842767443697641,22307
1565,168307693,MON_20191230_060700.p24.flac,Miraflores,2019,12,Agelasticus thilius,Alternative Song,49.11020408163265,50.54403628117914,1205.859375,7235.15625,present,https://s3.amazonaws.com/arbimon2/project_2770/detections/10553/53_85.png,1577687400000,,0.2815933746218748,22307
1566,168307701,MON_20191230_060700.p37.flac,Miraflores,2019,12,Agelasticus thilius,Alternative Song,51.21741496598639,52.65124716553288,1205.859375,7235.15625,present,https://s3.amazonaws.com/arbimon2/project_2770/detections/10553/53_93.png,1577688180000,,0.2528657994512534,22307
1567,168307716,MON_20191230_060700.p47.flac,Miraflores,2019,12,Agelasticus thilius,Alternative Song,51.710839002267576,53.144671201814056,1205.859375,7235.15625,present,https://s3.amazonaws.com/arbimon2/project_2770/detections/10553/53_108.png,1577688780000,,0.2650087580568625,22307
1568,168307719,MON_20191230_070000.p3.flac,Miraflores,2019,12,Agelasticus thilius,Alternative Song,49.60943310657596,51.04326530612245,1205.859375,7235.15625,present,https://s3.amazonaws.com/arbimon2/project_2770/detections/10553/53_111.png,1577689320000,,0.2719459895777263,22307
1569,168307720,MON_20191230_070000.p4.flac,Miraflores,2019,12,Agelasticus thilius,Alternative Song,15.731519274376415,17.165351473922904,1205.859375,7235.15625,present,https://s3.amazonaws.com/arbimon2/project_2770/detections/10553/53_112.png,1577689380000,,0.3818584495191021,22307
1570,168307721,MON_20191230_070000.p4.flac,Miraflores,2019,12,Agelasticus thilius,Alternative Song,48.425215419501136,49.85904761904762,1205.859375,7235.15625,present,https://s3.amazonaws.com/arbimon2/project_2770/detections/10553/53_113.png,1577689380000,,0.3077934658645224,22307
1571,168307722,MON_20191230_070000.p5.flac,Miraflores,2019,12,Agelasticus thilius,Alternative Song,32.50213151927438,33.935963718820865,1205.859375,7235.15625,present,https://s3.amazonaws.com/arbimon2/project_2770/detections/10553/53_114.png,1577689440000,,0.2939706609201823,22307
1572,168307723,MON_20191230_080000.p1.flac,Miraflores,2019,12,Agelasticus thilius,Alternative Song,5.421859410430839,6.855691609977324,1205.859375,7235.15625,present,https://s3.amazonaws.com/arbimon2/project_2770/detections/10553/53_115.png,1577692800000,,0.265715005154426,22307
1573,168307724,MON_20191230_080000.p1.flac,Miraflores,2019,12,Agelasticus thilius,Alternative Song,6.855691609977324,8.289523809523809,1205.859375,7235.15625,present,https://s3.amazonaws.com/arbimon2/project_2770/detections/10553/53_116.png,1577692800000,,0.2003721635540754,22307
1574,168307744,MON_20191230_200700.p8.flac,Miraflores,2019,12,Agelasticus thilius,Alternative Song,51.07229024943311,52.50612244897959,1205.859375,7235.15625,present,https://s3.amazonaws.com/arbimon2/project_2770/detections/10553/53_136.png,1577736840000,,0.3153434193055227,22307
1575,168307745,MON_20191230_200700.p11.flac,Miraflores,2019,12,Agelasticus thilius,Alternative Song,10.19936507936508,11.633197278911563,1205.859375,7235.15625,present,https://s3.amazonaws.com/arbimon2/project_2770/detections/10553/53_137.png,1577737020000,,0.3414122702271619,22307
1576,168307751,MON_20191230_200700.p12.flac,Miraflores,2019,12,Agelasticus thilius,Alternative Song,2.618049886621315,4.051882086167801,1205.859375,7235.15625,present,https://s3.amazonaws.com/arbimon2/project_2770/detections/10553/53_143.png,1577737080000,,0.3011718179489007,22307
1577,168307756,MON_20191230_200700.p15.flac,Miraflores,2019,12,Agelasticus thilius,Alternative Song,40.83229024943311,42.2661224489796,1205.859375,7235.15625,present,https://s3.amazonaws.com/arbimon2/project_2770/detections/10553/53_148.png,1577737260000,,0.2880563787115534,22307
1578,168307757,MON_20191230_200700.p15.flac,Miraflores,2019,12,Agelasticus thilius,Alternative Song,20.514829931972788,21.948662131519274,1205.859375,7235.15625,present,https://s3.amazonaws.com/arbimon2/project_2770/detections/10553/53_149.png,1577737260000,,0.2645450482949852,22307
1579,168307761,MON_20191230_200700.p20.flac,Miraflores,2019,12,Agelasticus thilius,Alternative Song,28.485079365079365,29.91891156462585,1205.859375,7235.15625,present,https://s3.amazonaws.com/arbimon2/project_2770/detections/10553/53_153.png,1577737560000,,0.2627574056891648,22307
1580,168307768,MON_20191230_200700.p27.flac,Miraflores,2019,12,Agelasticus thilius,Alternative Song,11.04108843537415,12.474920634920634,1205.859375,7235.15625,present,https://s3.amazonaws.com/arbimon2/project_2770/detections/10553/53_160.png,1577737980000,,0.2570086064288192,22307
1581,168307773,MON_20191230_200700.p32.flac,Miraflores,2019,12,Agelasticus thilius,Alternative Song,1.2016326530612245,2.6354648526077096,1205.859375,7235.15625,present,https://s3.amazonaws.com/arbimon2/project_2770/detections/10553/53_165.png,1577738280000,,0.3481148827055089,22307
1582,168307779,MON_20191230_200700.p40.flac,Miraflores,2019,12,Agelasticus thilius,Alternative Song,52.90086167800454,54.33469387755102,1205.859375,7235.15625,present,https://s3.amazonaws.com/arbimon2/project_2770/detections/10553/53_171.png,1577738760000,,0.30115803086251,22307
1583,168307780,MON_20191230_200700.p40.flac,Miraflores,2019,12,Agelasticus thilius,Alternative Song,24.479637188208617,25.913469387755104,1205.859375,7235.15625,present,https://s3.amazonaws.com/arbimon2/project_2770/detections/10553/53_172.png,1577738760000,,0.2739079899022409,22307
1584,168307781,MON_20191230_200700.p42.flac,Miraflores,2019,12,Agelasticus thilius,Alternative Song,29.6518820861678,31.085714285714285,1205.859375,7235.15625,present,https://s3.amazonaws.com/arbimon2/project_2770/detections/10553/53_173.png,1577738880000,,0.3590306149661281,22307
1585,168307784,MON_20191230_200700.p48.flac,Miraflores,2019,12,Agelasticus thilius,Alternative Song,32.91428571428571,34.3481179138322,1205.859375,7235.15625,present,https://s3.amazonaws.com/arbimon2/project_2770/detections/10553/53_176.png,1577739240000,,0.3487153485813593,22307
1586,168307785,MON_20191230_200700.p48.flac,Miraflores,2019,12,Agelasticus thilius,Alternative Song,52.68027210884354,54.114104308390026,1205.859375,7235.15625,present,https://s3.amazonaws.com/arbimon2/project_2770/detections/10553/53_177.png,1577739240000,,0.2983618145193877,22307
1587,168307787,MON_20191230_200700.p49.flac,Miraflores,2019,12,Agelasticus thilius,Alternative Song,9.317006802721089,10.750839002267574,1205.859375,7235.15625,present,https://s3.amazonaws.com/arbimon2/project_2770/detections/10553/53_179.png,1577739300000,,0.3203028833548522,22307
1588,168307791,MON_20191230_210000.p2.flac,Miraflores,2019,12,Agelasticus thilius,Alternative Song,56.17487528344671,57.6087074829932,1205.859375,7235.15625,present,https://s3.amazonaws.com/arbimon2/project_2770/detections/10553/53_183.png,1577739660000,,0.3055829650227802,22307
1589,168307794,MON_20191222_200700.p45.flac,Miraflores,2019,12,Agelasticus thilius,Alternative Song,47.896961451247165,49.33079365079365,1205.859375,7235.15625,present,https://s3.amazonaws.com/arbimon2/project_2770/detections/10553/48_2.png,1577047860000,,0.2735243378396279,22307
1590,168307795,MON_20191222_200700.p45.flac,Miraflores,2019,12,Agelasticus thilius,Alternative Song,25.94829931972789,27.382131519274377,1205.859375,7235.15625,present,https://s3.amazonaws.com/arbimon2/project_2770/detections/10553/48_3.png,1577047860000,,0.2658275323201667,22307
1591,168307797,MON_20191222_210000.p2.flac,Miraflores,2019,12,Agelasticus thilius,Alternative Song,43.54321995464853,44.977052154195015,1205.859375,7235.15625,present,https://s3.amazonaws.com/arbimon2/project_2770/detections/10553/48_5.png,1577048460000,,0.3901866408027747,22307
1592,168307798,MON_20191222_210000.p2.flac,Miraflores,2019,12,Agelasticus thilius,Alternative Song,16.89251700680272,18.326349206349207,1205.859375,7235.15625,present,https://s3.amazonaws.com/arbimon2/project_2770/detections/10553/48_6.png,1577048460000,,0.3132727041830371,22307
1593,168307799,MON_20191222_210000.p3.flac,Miraflores,2019,12,Agelasticus thilius,Alternative Song,32.36861678004535,33.80244897959184,1205.859375,7235.15625,present,https://s3.amazonaws.com/arbimon2/project_2770/detections/10553/48_7.png,1577048520000,,0.4168701421358603,22307
1594,168307800,MON_20191222_210000.p3.flac,Miraflores,2019,12,Agelasticus thilius,Alternative Song,54.27083900226757,55.70467120181406,1205.859375,7235.15625,present,https://s3.amazonaws.com/arbimon2/project_2770/detections/10553/48_8.png,1577048520000,,0.3546736920061705,22307
1595,168307801,MON_20191222_210000.p3.flac,Miraflores,2019,12,Agelasticus thilius,Alternative Song,44.12952380952381,45.5633560090703,1205.859375,7235.15625,present,https://s3.amazonaws.com/arbimon2/project_2770/detections/10553/48_9.png,1577048520000,,0.3424530309387736,22307
1596,168307805,MON_20191223_060700.p3.flac,Miraflores,2019,12,Agelasticus thilius,Alternative Song,19.818231292517005,21.25206349206349,1205.859375,7235.15625,present,https://s3.amazonaws.com/arbimon2/project_2770/detections/10553/48_13.png,1577081340000,,0.2658185760125043,22307
1597,168307817,MON_20191223_120000.p5.flac,Miraflores,2019,12,Agelasticus thilius,Alternative Song,36.55401360544218,37.98784580498866,1205.859375,7235.15625,present,https://s3.amazonaws.com/arbimon2/project_2770/detections/10553/48_25.png,1577102640000,,0.4070175400639613,22307
1598,168307818,MON_20191223_120000.p5.flac,Miraflores,2019,12,Agelasticus thilius,Alternative Song,21.2346485260771,22.66848072562358,1205.859375,7235.15625,present,https://s3.amazonaws.com/arbimon2/project_2770/detections/10553/48_26.png,1577102640000,,0.3840024196042261,22307
1599,168307841,MON_20191223_170000.p1.flac,Miraflores,2019,12,Agelasticus thilius,Alternative Song,1.5789569160997732,3.0127891156462585,1205.859375,7235.15625,present,https://s3.amazonaws.com/arbimon2/project_2770/detections/10553/48_49.png,1577120400000,,0.2712376844293487,22307
1600,168307844,MON_20191223_200000.p4.flac,Miraflores,2019,12,Agelasticus thilius,Alternative Song,52.73832199546485,54.17215419501134,1205.859375,7235.15625,present,https://s3.amazonaws.com/arbimon2/project_2770/detections/10553/48_52.png,1577131380000,,0.3640442830053443,22307
1601,168307847,MON_20191223_200000.p5.flac,Miraflores,2019,12,Agelasticus thilius,Alternative Song,19.77179138321996,21.20562358276644,1205.859375,7235.15625,present,https://s3.amazonaws.com/arbimon2/project_2770/detections/10553/48_55.png,1577131440000,,0.3162429527301282,22307
1602,168307848,MON_20191223_200700.p9.flac,Miraflores,2019,12,Agelasticus thilius,Alternative Song,21.112743764172336,22.54657596371882,1205.859375,7235.15625,present,https://s3.amazonaws.com/arbimon2/project_2770/detections/10553/48_56.png,1577132100000,,0.3368887570933977,22307
1603,168307852,MON_20191223_200700.p23.flac,Miraflores,2019,12,Agelasticus thilius,Alternative Song,0.9287981859410432,2.3626303854875284,1205.859375,7235.15625,present,https://s3.amazonaws.com/arbimon2/project_2770/detections/10553/48_60.png,1577132940000,,0.2694207432620289,22307
1604,168307857,MON_20191223_200700.p33.flac,Miraflores,2019,12,Agelasticus thilius,Alternative Song,9.566621315192744,11.00045351473923,1205.859375,7235.15625,present,https://s3.amazonaws.com/arbimon2/project_2770/detections/10553/48_65.png,1577133540000,,0.2539192485312839,22307
1605,168307862,MON_20191223_200700.p47.flac,Miraflores,2019,12,Agelasticus thilius,Alternative Song,54.52045351473923,55.95428571428572,1205.859375,7235.15625,present,https://s3.amazonaws.com/arbimon2/project_2770/detections/10553/48_70.png,1577134380000,,0.2588440459132591,22307
1606,168307865,MON_20191223_200700.p48.flac,Miraflores,2019,12,Agelasticus thilius,Alternative Song,14.953650793650796,16.387482993197278,1205.859375,7235.15625,present,https://s3.amazonaws.com/arbimon2/project_2770/detections/10553/48_73.png,1577134440000,,0.2626373458530486,22307
1607,168307866,MON_20191223_200700.p46.flac,Miraflores,2019,12,Agelasticus thilius,Alternative Song,29.210702947845807,30.64453514739229,1205.859375,7235.15625,present,https://s3.amazonaws.com/arbimon2/project_2770/detections/10553/48_74.png,1577134320000,,0.2768099962848176,22307
1608,168307868,MON_20191223_210000.p1.flac,Miraflores,2019,12,Agelasticus thilius,Alternative Song,45.02929705215419,46.46312925170068,1205.859375,7235.15625,present,https://s3.amazonaws.com/arbimon2/project_2770/detections/10553/48_76.png,1577134800000,,0.2779683654842006,22307
1609,168307873,MON_20191223_210000.p4.flac,Miraflores,2019,12,Agelasticus thilius,Alternative Song,0.4760090702947845,1.90984126984127,1205.859375,7235.15625,present,https://s3.amazonaws.com/arbimon2/project_2770/detections/10553/48_81.png,1577134980000,,0.32867030428321,22307
1610,168307880,MON_20191224_060000.p5.flac,Miraflores,2019,12,Agelasticus thilius,Alternative Song,38.72507936507937,40.15891156462585,1205.859375,7235.15625,present,https://s3.amazonaws.com/arbimon2/project_2770/detections/10553/48_88.png,1577167440000,,0.3574605716524835,22307
1611,168307883,MON_20191224_060700.p1.flac,Miraflores,2019,12,Agelasticus thilius,Alternative Song,54.305668934240366,55.739501133786845,1205.859375,7235.15625,present,https://s3.amazonaws.com/arbimon2/project_2770/detections/10553/48_91.png,1577167620000,,0.318067617504019,22307
1612,168307884,MON_20191224_060700.p1.flac,Miraflores,2019,12,Agelasticus thilius,Alternative Song,39.52036281179139,40.954195011337866,1205.859375,7235.15625,present,https://s3.amazonaws.com/arbimon2/project_2770/detections/10553/48_92.png,1577167620000,,0.2562116576659665,22307
1613,168307888,MON_20191224_060700.p3.flac,Miraflores,2019,12,Agelasticus thilius,Alternative Song,7.598730158730159,9.032562358276644,1205.859375,7235.15625,present,https://s3.amazonaws.com/arbimon2/project_2770/detections/10553/48_96.png,1577167740000,,0.255048970531636,22307
1614,168307890,MON_20191224_060700.p4.flac,Miraflores,2019,12,Agelasticus thilius,Alternative Song,50.31764172335601,51.75147392290249,1205.859375,7235.15625,present,https://s3.amazonaws.com/arbimon2/project_2770/detections/10553/48_98.png,1577167800000,,0.3314180403303769,22307
1615,168307891,MON_20191224_060700.p4.flac,Miraflores,2019,12,Agelasticus thilius,Alternative Song,34.32489795918367,35.75873015873016,1205.859375,7235.15625,present,https://s3.amazonaws.com/arbimon2/project_2770/detections/10553/48_99.png,1577167800000,,0.315267651932394,22307
1616,168307912,MON_20200105_190000.p1.flac,Miraflores,2020,1,Agelasticus thilius,Alternative Song,46.49215419501134,47.92598639455783,1205.859375,7235.15625,present,https://s3.amazonaws.com/arbimon2/project_2770/detections/10553/58_11.png,1578250800000,,0.2677428843636383,22307
1617,168307920,MON_20200105_200000.p1.flac,Miraflores,2020,1,Agelasticus thilius,Alternative Song,38.14458049886621,39.5784126984127,1205.859375,7235.15625,present,https://s3.amazonaws.com/arbimon2/project_2770/detections/10553/58_19.png,1578254400000,,0.2715212146323646,22307
1618,168307921,MON_20200105_200000.p5.flac,Miraflores,2020,1,Agelasticus thilius,Alternative Song,48.883809523809525,50.31764172335601,1205.859375,7235.15625,present,https://s3.amazonaws.com/arbimon2/project_2770/detections/10553/58_20.png,1578254640000,,0.282920202481863,22307
1619,168307929,MON_20200105_200700.p7.flac,Miraflores,2020,1,Agelasticus thilius,Alternative Song,34.43519274376417,35.869024943310656,1205.859375,7235.15625,present,https://s3.amazonaws.com/arbimon2/project_2770/detections/10553/58_28.png,1578255180000,,0.3666820841767657,22307
1620,168307930,MON_20200105_200700.p7.flac,Miraflores,2020,1,Agelasticus thilius,Alternative Song,48.25687074829932,49.69070294784581,1205.859375,7235.15625,present,https://s3.amazonaws.com/arbimon2/project_2770/detections/10553/58_29.png,1578255180000,,0.2792827477677071,22307
1621,168307957,MON_20200105_200700.p40.flac,Miraflores,2020,1,Agelasticus thilius,Alternative Song,57.95700680272109,59.390839002267576,1205.859375,7235.15625,present,https://s3.amazonaws.com/arbimon2/project_2770/detections/10553/58_56.png,1578257160000,,0.2950217626177968,22307
1622,168307960,MON_20200105_200700.p41.flac,Miraflores,2020,1,Agelasticus thilius,Alternative Song,19.22612244897959,20.65995464852608,1205.859375,7235.15625,present,https://s3.amazonaws.com/arbimon2/project_2770/detections/10553/58_59.png,1578257220000,,0.3313244508249576,22307
1623,168307962,MON_20200106_060000.p1.flac,Miraflores,2020,1,Agelasticus thilius,Alternative Song,44.860952380952384,46.29478458049886,1205.859375,7235.15625,present,https://s3.amazonaws.com/arbimon2/project_2770/detections/10553/58_61.png,1578290400000,,0.2726840333850588,22307
1624,168307963,MON_20200106_060000.p1.flac,Miraflores,2020,1,Agelasticus thilius,Alternative Song,15.865034013605442,17.29886621315193,1205.859375,7235.15625,present,https://s3.amazonaws.com/arbimon2/project_2770/detections/10553/58_62.png,1578290400000,,0.2660409637405997,22307
1625,168307966,MON_20200106_060000.p3.flac,Miraflores,2020,1,Agelasticus thilius,Alternative Song,54.839727891156464,56.27356009070295,1205.859375,7235.15625,present,https://s3.amazonaws.com/arbimon2/project_2770/detections/10553/58_65.png,1578290520000,,0.2853408987272354,22307
1626,168307974,MON_20200106_060700.p10.flac,Miraflores,2020,1,Agelasticus thilius,Alternative Song,11.592562358276645,13.02639455782313,1205.859375,7235.15625,present,https://s3.amazonaws.com/arbimon2/project_2770/detections/10553/58_73.png,1578291360000,,0.259988523559734,22307
1627,168307993,MON_20200106_060700.p30.flac,Miraflores,2020,1,Agelasticus thilius,Alternative Song,24.75827664399093,26.19210884353741,1205.859375,7235.15625,present,https://s3.amazonaws.com/arbimon2/project_2770/detections/10553/58_92.png,1578292560000,,0.2655293447374379,22307
1628,168308011,MON_20200106_060700.p45.flac,Miraflores,2020,1,Agelasticus thilius,Alternative Song,39.096598639455785,40.53043083900226,1205.859375,7235.15625,present,https://s3.amazonaws.com/arbimon2/project_2770/detections/10553/58_110.png,1578293460000,,0.3421528552307297,22307
1629,168308012,MON_20200106_060700.p48.flac,Miraflores,2020,1,Agelasticus thilius,Alternative Song,48.27428571428572,49.7081179138322,1205.859375,7235.15625,present,https://s3.amazonaws.com/arbimon2/project_2770/detections/10553/58_111.png,1578293640000,,0.2983909845661285,22307
1630,168308017,MON_20200106_070000.p3.flac,Miraflores,2020,1,Agelasticus thilius,Alternative Song,17.61233560090703,19.046167800453517,1205.859375,7235.15625,present,https://s3.amazonaws.com/arbimon2/project_2770/detections/10553/58_116.png,1578294120000,,0.2667153037539665,22307
1631,168308018,MON_20200106_070000.p4.flac,Miraflores,2020,1,Agelasticus thilius,Alternative Song,27.068662131519275,28.50249433106576,1205.859375,7235.15625,present,https://s3.amazonaws.com/arbimon2/project_2770/detections/10553/58_117.png,1578294180000,,0.3081589505308802,22307
1632,168308024,MON_20200106_090000.p1.flac,Miraflores,2020,1,Agelasticus thilius,Alternative Song,16.068208616780044,17.50204081632653,1205.859375,7235.15625,present,https://s3.amazonaws.com/arbimon2/project_2770/detections/10553/58_123.png,1578301200000,,0.2922982028460812,22307
1633,168308025,MON_20200106_090000.p2.flac,Miraflores,2020,1,Agelasticus thilius,Alternative Song,52.65705215419501,54.09088435374149,1205.859375,7235.15625,present,https://s3.amazonaws.com/arbimon2/project_2770/detections/10553/58_124.png,1578301260000,,0.3831886583488175,22307
1634,168308026,MON_20200106_090000.p2.flac,Miraflores,2020,1,Agelasticus thilius,Alternative Song,20.816689342403627,22.250521541950118,1205.859375,7235.15625,present,https://s3.amazonaws.com/arbimon2/project_2770/detections/10553/58_125.png,1578301260000,,0.3482418624859726,22307
1635,168308027,MON_20200106_090000.p5.flac,Miraflores,2020,1,Agelasticus thilius,Alternative Song,26.82485260770975,28.25868480725624,1205.859375,7235.15625,present,https://s3.amazonaws.com/arbimon2/project_2770/detections/10553/58_126.png,1578301440000,,0.2801218030636601,22307
1636,168308028,MON_20200106_090000.p3.flac,Miraflores,2020,1,Agelasticus thilius,Alternative Song,38.77732426303855,40.21115646258503,1205.859375,7235.15625,present,https://s3.amazonaws.com/arbimon2/project_2770/detections/10553/58_127.png,1578301320000,,0.3895053396998206,22307
1637,168308030,MON_20200106_100000.p2.flac,Miraflores,2020,1,Agelasticus thilius,Alternative Song,3.546848072562358,4.980680272108844,1205.859375,7235.15625,present,https://s3.amazonaws.com/arbimon2/project_2770/detections/10553/58_129.png,1578304860000,,0.3103953861430161,22307
1638,168308035,MON_20200106_110000.p3.flac,Miraflores,2020,1,Agelasticus thilius,Alternative Song,1.6021768707482993,3.0360090702947846,1205.859375,7235.15625,present,https://s3.amazonaws.com/arbimon2/project_2770/detections/10553/58_134.png,1578308520000,,0.2000536082603935,22307
1639,168308042,MON_20200106_140000.p1.flac,Miraflores,2020,1,Agelasticus thilius,Alternative Song,35.45687074829932,36.8907029478458,1205.859375,7235.15625,present,https://s3.amazonaws.com/arbimon2/project_2770/detections/10553/58_141.png,1578319200000,,0.3899671085025107,22307
1640,168308043,MON_20200106_140000.p1.flac,Miraflores,2020,1,Agelasticus thilius,Alternative Song,14.094512471655328,15.528344671201816,1205.859375,7235.15625,present,https://s3.amazonaws.com/arbimon2/project_2770/detections/10553/58_142.png,1578319200000,,0.3097457178865143,22307
1641,168308073,MON_20200112_180000.p2.flac,Miraflores,2020,1,Agelasticus thilius,Alternative Song,14.796916099773243,16.23074829931973,1205.859375,7235.15625,present,https://s3.amazonaws.com/arbimon2/project_2770/detections/10553/63_3.png,1578852060000,,0.3755040114338948,22307
1642,168308075,MON_20200112_180000.p4.flac,Miraflores,2020,1,Agelasticus thilius,Alternative Song,3.1695238095238096,4.603356009070295,1205.859375,7235.15625,present,https://s3.amazonaws.com/arbimon2/project_2770/detections/10553/63_5.png,1578852180000,,0.3686655102955651,22307
1643,168308076,MON_20200112_190000.p2.flac,Miraflores,2020,1,Agelasticus thilius,Alternative Song,19.63827664399093,21.07210884353741,1205.859375,7235.15625,present,https://s3.amazonaws.com/arbimon2/project_2770/detections/10553/63_6.png,1578855660000,,0.2733717595374012,22307
1644,168308078,MON_20200112_190000.p4.flac,Miraflores,2020,1,Agelasticus thilius,Alternative Song,51.21741496598639,52.65124716553288,1205.859375,7235.15625,present,https://s3.amazonaws.com/arbimon2/project_2770/detections/10553/63_8.png,1578855780000,,0.2590130223312013,22307
1645,168308080,MON_20200112_200700.p9.flac,Miraflores,2020,1,Agelasticus thilius,Alternative Song,37.08807256235828,38.52190476190477,1205.859375,7235.15625,present,https://s3.amazonaws.com/arbimon2/project_2770/detections/10553/63_10.png,1578860100000,,0.374826989945309,22307
1646,168308082,MON_20200112_200700.p10.flac,Miraflores,2020,1,Agelasticus thilius,Alternative Song,9.47374149659864,10.907573696145125,1205.859375,7235.15625,present,https://s3.amazonaws.com/arbimon2/project_2770/detections/10553/63_12.png,1578860160000,,0.3839979768039663,22307
1647,168308122,MON_20200113_060700.p2.flac,Miraflores,2020,1,Agelasticus thilius,Alternative Song,19.82984126984127,21.263673469387754,1205.859375,7235.15625,present,https://s3.amazonaws.com/arbimon2/project_2770/detections/10553/63_52.png,1578895680000,,0.3209500976468216,22307
1648,168308126,MON_20200113_060700.p7.flac,Miraflores,2020,1,Agelasticus thilius,Alternative Song,13.589478458049886,15.023310657596372,1205.859375,7235.15625,present,https://s3.amazonaws.com/arbimon2/project_2770/detections/10553/63_56.png,1578895980000,,0.2639195552311919,22307
1649,168308128,MON_20200113_060700.p10.flac,Miraflores,2020,1,Agelasticus thilius,Alternative Song,20.35809523809524,21.791927437641725,1205.859375,7235.15625,present,https://s3.amazonaws.com/arbimon2/project_2770/detections/10553/63_58.png,1578896160000,,0.3029286383658458,22307
1650,168308130,MON_20200113_060700.p11.flac,Miraflores,2020,1,Agelasticus thilius,Alternative Song,27.77106575963719,29.204897959183672,1205.859375,7235.15625,present,https://s3.amazonaws.com/arbimon2/project_2770/detections/10553/63_60.png,1578896220000,,0.3563118607335393,22307
1651,168308133,MON_20200113_060700.p8.flac,Miraflores,2020,1,Agelasticus thilius,Alternative Song,47.30485260770975,48.73868480725624,1205.859375,7235.15625,present,https://s3.amazonaws.com/arbimon2/project_2770/detections/10553/63_63.png,1578896040000,,0.2813719765380788,22307
1652,168308134,MON_20200113_060700.p12.flac,Miraflores,2020,1,Agelasticus thilius,Alternative Song,20.189750566893423,21.62358276643991,1205.859375,7235.15625,present,https://s3.amazonaws.com/arbimon2/project_2770/detections/10553/63_64.png,1578896280000,,0.2765838430330256,22307
1653,168308151,MON_20200113_060700.p30.flac,Miraflores,2020,1,Agelasticus thilius,Alternative Song,27.12671201814059,28.560544217687077,1205.859375,7235.15625,present,https://s3.amazonaws.com/arbimon2/project_2770/detections/10553/63_81.png,1578897360000,,0.2774912265712146,22307
1654,168308154,MON_20200113_060700.p47.flac,Miraflores,2020,1,Agelasticus thilius,Alternative Song,15.261315192743764,16.69514739229025,1205.859375,7235.15625,present,https://s3.amazonaws.com/arbimon2/project_2770/detections/10553/63_84.png,1578898380000,,0.3325391990861438,22307
1655,168308157,MON_20200113_060700.p46.flac,Miraflores,2020,1,Agelasticus thilius,Alternative Song,28.45605442176871,29.889886621315192,1205.859375,7235.15625,present,https://s3.amazonaws.com/arbimon2/project_2770/detections/10553/63_87.png,1578898320000,,0.3356037711708697,22307
1656,168308166,MON_20200113_080000.p4.flac,Miraflores,2020,1,Agelasticus thilius,Alternative Song,48.1059410430839,49.53977324263039,1205.859375,7235.15625,present,https://s3.amazonaws.com/arbimon2/project_2770/detections/10553/63_96.png,1578902580000,,0.3147366397376906,22307
1657,168308167,MON_20200113_090000.p4.flac,Miraflores,2020,1,Agelasticus thilius,Alternative Song,49.046349206349205,50.48018140589569,1205.859375,7235.15625,present,https://s3.amazonaws.com/arbimon2/project_2770/detections/10553/63_97.png,1578906180000,,0.3535551090441548,22307
1658,168308168,MON_20200113_090000.p4.flac,Miraflores,2020,1,Agelasticus thilius,Alternative Song,31.49206349206349,32.92589569160998,1205.859375,7235.15625,present,https://s3.amazonaws.com/arbimon2/project_2770/detections/10553/63_98.png,1578906180000,,0.3252520274051765,22307
1659,168308169,MON_20200113_100000.p4.flac,Miraflores,2020,1,Agelasticus thilius,Alternative Song,55.89043083900227,57.32426303854875,1205.859375,7235.15625,present,https://s3.amazonaws.com/arbimon2/project_2770/detections/10553/63_99.png,1578909780000,,0.314577712810466,22307
1660,168308171,MON_20200108_060000.p4.flac,Miraflores,2020,1,Agelasticus thilius,Alternative Song,47.63573696145125,49.06956916099773,1205.859375,7235.15625,present,https://s3.amazonaws.com/arbimon2/project_2770/detections/10553/60_0.png,1578463380000,,0.2934968464313446,22307
1661,168308177,MON_20200108_060700.p10.flac,Miraflores,2020,1,Agelasticus thilius,Alternative Song,10.478004535147392,11.911836734693878,1205.859375,7235.15625,present,https://s3.amazonaws.com/arbimon2/project_2770/detections/10553/60_6.png,1578464160000,,0.3019595144587875,22307
1662,168308187,MON_20200108_080000.p1.flac,Miraflores,2020,1,Agelasticus thilius,Alternative Song,46.1902947845805,47.62412698412698,1205.859375,7235.15625,present,https://s3.amazonaws.com/arbimon2/project_2770/detections/10553/60_16.png,1578470400000,,0.2007758944584576,22307
1663,168308314,MON_20200118_200700.p36.flac,Miraflores,2020,1,Agelasticus thilius,Alternative Song,42.40544217687075,43.83927437641724,1205.859375,7235.15625,present,https://s3.amazonaws.com/arbimon2/project_2770/detections/10553/67_3.png,1579380120000,,0.2531244503343888,22307
1664,168308322,MON_20200119_060700.p41.flac,Miraflores,2020,1,Agelasticus thilius,Alternative Song,54.06766439909297,55.501496598639456,1205.859375,7235.15625,present,https://s3.amazonaws.com/arbimon2/project_2770/detections/10553/67_11.png,1579416420000,,0.2810700162441992,22307
1665,168308337,MON_20200128_080000.p2.flac,Miraflores,2020,1,Agelasticus thilius,Alternative Song,53.13306122448979,54.56689342403628,1205.859375,7235.15625,present,https://s3.amazonaws.com/arbimon2/project_2770/detections/10553/74_5.png,1580198460000,,0.2684085525690518,22307
1666,168308339,MON_20200128_080000.p2.flac,Miraflores,2020,1,Agelasticus thilius,Alternative Song,23.67274376417233,25.10657596371882,1205.859375,7235.15625,present,https://s3.amazonaws.com/arbimon2/project_2770/detections/10553/74_7.png,1580198460000,,0.2009046777589397,22307
1667,168308341,MON_20200128_080000.p5.flac,Miraflores,2020,1,Agelasticus thilius,Alternative Song,37.27383219954648,38.70766439909297,1205.859375,7235.15625,present,https://s3.amazonaws.com/arbimon2/project_2770/detections/10553/74_9.png,1580198640000,,0.3089005362048724,22307
1668,168308352,MON_20200129_090000.p5.flac,Miraflores,2020,1,Agelasticus thilius,Alternative Song,41.54630385487528,42.98013605442177,1205.859375,7235.15625,present,https://s3.amazonaws.com/arbimon2/project_2770/detections/10553/74_20.png,1580288640000,,0.3438545796212906,22307
1669,168308369,MON_20200314_090000.p1.flac,Miraflores,2020,3,Agelasticus thilius,Alternative Song,48.17560090702948,49.60943310657596,1205.859375,7235.15625,present,https://s3.amazonaws.com/arbimon2/project_2770/detections/10553/108_0.png,1584176400000,,0.3351116478951725,22307
1670,168308370,MON_20200314_090000.p2.flac,Miraflores,2020,3,Agelasticus thilius,Alternative Song,1.979501133786848,3.4133333333333336,1205.859375,7235.15625,present,https://s3.amazonaws.com/arbimon2/project_2770/detections/10553/108_1.png,1584176460000,,0.354589507394503,22307
1671,168308371,MON_20200314_090000.p2.flac,Miraflores,2020,3,Agelasticus thilius,Alternative Song,57.35328798185941,58.787120181405896,1205.859375,7235.15625,present,https://s3.amazonaws.com/arbimon2/project_2770/detections/10553/108_2.png,1584176460000,,0.305886635982789,22307
1672,168308372,MON_20200314_090000.p3.flac,Miraflores,2020,3,Agelasticus thilius,Alternative Song,48.6225850340136,50.05641723356009,1205.859375,7235.15625,present,https://s3.amazonaws.com/arbimon2/project_2770/detections/10553/108_3.png,1584176520000,,0.3024720385697725,22307
1673,168308422,MON_20200327_190000.p1.flac,Miraflores,2020,3,Agelasticus thilius,Alternative Song,34.9924716553288,36.426303854875286,1205.859375,7235.15625,present,https://s3.amazonaws.com/arbimon2/project_2770/detections/10553/118_1.png,1585335600000,,0.3144232184658942,22307
1674,168308423,MON_20200327_190000.p1.flac,Miraflores,2020,3,Agelasticus thilius,Alternative Song,56.16907029478458,57.60290249433107,1205.859375,7235.15625,present,https://s3.amazonaws.com/arbimon2/project_2770/detections/10553/118_2.png,1585335600000,,0.259180497926447,22307
1675,168308424,MON_20200327_190000.p1.flac,Miraflores,2020,3,Agelasticus thilius,Alternative Song,13.25859410430839,14.692426303854877,1205.859375,7235.15625,present,https://s3.amazonaws.com/arbimon2/project_2770/detections/10553/118_3.png,1585335600000,,0.252535545620895,22307
1676,168308425,MON_20200327_190000.p2.flac,Miraflores,2020,3,Agelasticus thilius,Alternative Song,48.39619047619048,49.83002267573696,1205.859375,7235.15625,present,https://s3.amazonaws.com/arbimon2/project_2770/detections/10553/118_4.png,1585335660000,,0.2665832403070192,22307
1677,168308426,MON_20200327_190000.p4.flac,Miraflores,2020,3,Agelasticus thilius,Alternative Song,3.5932879818594103,5.027120181405896,1205.859375,7235.15625,present,https://s3.amazonaws.com/arbimon2/project_2770/detections/10553/118_5.png,1585335780000,,0.2879430081995832,22307
1678,168308429,MON_20200327_190000.p5.flac,Miraflores,2020,3,Agelasticus thilius,Alternative Song,25.90185941043084,27.335691609977324,1205.859375,7235.15625,present,https://s3.amazonaws.com/arbimon2/project_2770/detections/10553/118_8.png,1585335840000,,0.2824112023872355,22307
1679,168308433,MON_20200328_130000.p1.flac,Miraflores,2020,3,Agelasticus thilius,Alternative Song,53.85868480725624,55.29251700680272,1205.859375,7235.15625,present,https://s3.amazonaws.com/arbimon2/project_2770/detections/10553/118_12.png,1585400400000,,0.2894575156934212,22307
1680,168308434,MON_20200328_130000.p1.flac,Miraflores,2020,3,Agelasticus thilius,Alternative Song,20.526439909297054,21.960272108843537,1205.859375,7235.15625,present,https://s3.amazonaws.com/arbimon2/project_2770/detections/10553/118_13.png,1585400400000,,0.2531428282599187,22307
1681,168308446,MON_20200330_170000.p4.flac,Miraflores,2020,3,Agelasticus thilius,Alternative Song,57.2604081632653,58.69424036281179,1205.859375,7235.15625,present,https://s3.amazonaws.com/arbimon2/project_2770/detections/10553/120_0.png,1585587780000,,0.4263533929069691,22307
1682,168308447,MON_20200330_170000.p5.flac,Miraflores,2020,3,Agelasticus thilius,Alternative Song,44.72743764172336,46.16126984126984,1205.859375,7235.15625,present,https://s3.amazonaws.com/arbimon2/project_2770/detections/10553/120_1.png,1585587840000,,0.2899419958527204,22307
1683,168308449,MON_20200331_100000.p3.flac,Miraflores,2020,3,Agelasticus thilius,Alternative Song,32.200272108843535,33.63410430839002,1205.859375,7235.15625,present,https://s3.amazonaws.com/arbimon2/project_2770/detections/10553/120_3.png,1585648920000,,0.2623151326190309,22307
1684,168308452,MON_20200331_100000.p2.flac,Miraflores,2020,3,Agelasticus thilius,Alternative Song,38.66702947845805,40.10086167800453,1205.859375,7235.15625,present,https://s3.amazonaws.com/arbimon2/project_2770/detections/10553/120_6.png,1585648860000,,0.3472745371996783,22307
1685,168308453,MON_20200331_100000.p2.flac,Miraflores,2020,3,Agelasticus thilius,Alternative Song,1.1784126984126984,2.6122448979591835,1205.859375,7235.15625,present,https://s3.amazonaws.com/arbimon2/project_2770/detections/10553/120_7.png,1585648860000,,0.2995803901953194,22307
1686,168308489,MON_20200120_060700.p50.flac,Miraflores,2020,1,Agelasticus thilius,Alternative Song,7.668390022675737,9.102222222222222,1205.859375,7235.15625,present,https://s3.amazonaws.com/arbimon2/project_2770/detections/10553/68_15.png,1579503360000,,0.262275681103219,22307
1687,168308494,MON_20200120_080000.p2.flac,Miraflores,2020,1,Agelasticus thilius,Alternative Song,4.916825396825397,6.350657596371882,1205.859375,7235.15625,present,https://s3.amazonaws.com/arbimon2/project_2770/detections/10553/68_20.png,1579507260000,,0.2537923158890195,22307
1688,168308495,MON_20200120_080000.p3.flac,Miraflores,2020,1,Agelasticus thilius,Alternative Song,12.289160997732424,13.722993197278912,1205.859375,7235.15625,present,https://s3.amazonaws.com/arbimon2/project_2770/detections/10553/68_21.png,1579507320000,,0.3369400653996387,22307
1689,168308525,MON_20200327_090000.p3.flac,Miraflores,2020,3,Agelasticus thilius,Alternative Song,6.339047619047619,7.772879818594104,1205.859375,7235.15625,present,https://s3.amazonaws.com/arbimon2/project_2770/detections/10553/117_5.png,1585299720000,,0.2707534329328038,22307
1690,168308526,MON_20200327_090000.p3.flac,Miraflores,2020,3,Agelasticus thilius,Alternative Song,30.470385487528343,31.90421768707483,1205.859375,7235.15625,present,https://s3.amazonaws.com/arbimon2/project_2770/detections/10553/117_6.png,1585299720000,,0.2603978434069316,22307
1691,168308531,MON_20200310_180000.p1.flac,Miraflores,2020,3,Agelasticus thilius,Alternative Song,38.846984126984125,40.28081632653061,1205.859375,7235.15625,present,https://s3.amazonaws.com/arbimon2/project_2770/detections/10553/105_3.png,1583863200000,,0.2871661182913681,22307
1692,168358404,MON_20191019_080000.p2.flac,Parque Urbano El Bosque,2019,10,Agelasticus thilius,Alternative Song,34.719637188208615,36.1534693877551,1205.859375,7235.15625,present,https://s3.amazonaws.com/arbimon2/project_2770/detections/10555/0_0.png,1571472060000,,0.2702307612154138,22308
1693,168358406,MON_20191019_080000.p5.flac,Parque Urbano El Bosque,2019,10,Agelasticus thilius,Alternative Song,20.886349206349205,22.32018140589569,1205.859375,7235.15625,present,https://s3.amazonaws.com/arbimon2/project_2770/detections/10555/0_2.png,1571472240000,,0.2931350906533812,22308
1694,168358407,MON_20191019_110000.p3.flac,Parque Urbano El Bosque,2019,10,Agelasticus thilius,Alternative Song,46.31219954648526,47.74603174603175,1205.859375,7235.15625,present,https://s3.amazonaws.com/arbimon2/project_2770/detections/10555/0_3.png,1571482920000,,0.2846391276055492,22308
1695,168358411,MON_20191019_180000.p2.flac,Parque Urbano El Bosque,2019,10,Agelasticus thilius,Alternative Song,17.507845804988662,18.94167800453515,1205.859375,7235.15625,present,https://s3.amazonaws.com/arbimon2/project_2770/detections/10555/0_7.png,1571508060000,,0.2929357166258237,22308
1696,168358414,MON_20191019_200000.p2.flac,Parque Urbano El Bosque,2019,10,Agelasticus thilius,Alternative Song,49.49913832199547,50.93297052154195,1205.859375,7235.15625,present,https://s3.amazonaws.com/arbimon2/project_2770/detections/10555/0_10.png,1571515260000,,0.2469211476227931,22308
1697,168358416,MON_20191019_200000.p3.flac,Parque Urbano El Bosque,2019,10,Agelasticus thilius,Alternative Song,36.73396825396826,38.16780045351474,1205.859375,7235.15625,present,https://s3.amazonaws.com/arbimon2/project_2770/detections/10555/0_12.png,1571515320000,,0.3148481074446442,22308
1698,168358417,MON_20191019_200000.p3.flac,Parque Urbano El Bosque,2019,10,Agelasticus thilius,Alternative Song,20.45678004535148,21.89061224489796,1205.859375,7235.15625,present,https://s3.amazonaws.com/arbimon2/project_2770/detections/10555/0_13.png,1571515320000,,0.2923698168046562,22308
1699,168358422,MON_20191020_070000.p3.flac,Parque Urbano El Bosque,2019,10,Agelasticus thilius,Alternative Song,16.219138321995466,17.65297052154195,1205.859375,7235.15625,present,https://s3.amazonaws.com/arbimon2/project_2770/detections/10555/0_18.png,1571554920000,,0.3122653053073184,22308
1700,168358428,MON_20191021_100000.p1.flac,Parque Urbano El Bosque,2019,10,Agelasticus thilius,Alternative Song,48.14657596371882,49.5804081632653,1205.859375,7235.15625,present,https://s3.amazonaws.com/arbimon2/project_2770/detections/10555/0_24.png,1571652000000,,0.3199688817255983,22308
1701,168358429,MON_20191021_100000.p1.flac,Parque Urbano El Bosque,2019,10,Agelasticus thilius,Alternative Song,3.0708390022675736,4.504671201814059,1205.859375,7235.15625,present,https://s3.amazonaws.com/arbimon2/project_2770/detections/10555/0_25.png,1571652000000,,0.3008582393471297,22308
1702,168358430,MON_20191021_100000.p2.flac,Parque Urbano El Bosque,2019,10,Agelasticus thilius,Alternative Song,41.11092970521542,42.54476190476191,1205.859375,7235.15625,present,https://s3.amazonaws.com/arbimon2/project_2770/detections/10555/0_26.png,1571652060000,,0.2989733663387787,22308
1703,168358431,MON_20191021_100000.p2.flac,Parque Urbano El Bosque,2019,10,Agelasticus thilius,Alternative Song,5.566984126984127,7.000816326530612,1205.859375,7235.15625,present,https://s3.amazonaws.com/arbimon2/project_2770/detections/10555/0_27.png,1571652060000,,0.251370010847057,22308
1704,168358432,MON_20191021_100000.p2.flac,Parque Urbano El Bosque,2019,10,Agelasticus thilius,Alternative Song,16.004353741496598,17.438185941043084,1205.859375,7235.15625,present,https://s3.amazonaws.com/arbimon2/project_2770/detections/10555/0_28.png,1571652060000,,0.2504783606560613,22308
1705,168358433,MON_20191021_100000.p3.flac,Parque Urbano El Bosque,2019,10,Agelasticus thilius,Alternative Song,42.16743764172335,43.60126984126984,1205.859375,7235.15625,present,https://s3.amazonaws.com/arbimon2/project_2770/detections/10555/0_29.png,1571652120000,,0.3205851250116769,22308
1706,168358434,MON_20191021_100000.p3.flac,Parque Urbano El Bosque,2019,10,Agelasticus thilius,Alternative Song,8.539138321995464,9.97297052154195,1205.859375,7235.15625,present,https://s3.amazonaws.com/arbimon2/project_2770/detections/10555/0_30.png,1571652120000,,0.2729483404027596,22308
1707,168358435,MON_20191021_100000.p4.flac,Parque Urbano El Bosque,2019,10,Agelasticus thilius,Alternative Song,7.83092970521542,9.264761904761905,1205.859375,7235.15625,present,https://s3.amazonaws.com/arbimon2/project_2770/detections/10555/0_31.png,1571652180000,,0.249661820328601,22308
1708,168358437,MON_20191021_100000.p5.flac,Parque Urbano El Bosque,2019,10,Agelasticus thilius,Alternative Song,24.479637188208617,25.913469387755104,1205.859375,7235.15625,present,https://s3.amazonaws.com/arbimon2/project_2770/detections/10555/0_33.png,1571652240000,,0.3302448224980803,22308
1709,168358441,MON_20191108_060000.p2.flac,Parque Urbano El Bosque,2019,11,Agelasticus thilius,Alternative Song,48.25687074829932,49.69070294784581,1205.859375,7235.15625,present,https://s3.amazonaws.com/arbimon2/project_2770/detections/10555/8_3.png,1573192860000,,0.3091480266802078,22308
1710,168358442,MON_20191108_060000.p2.flac,Parque Urbano El Bosque,2019,11,Agelasticus thilius,Alternative Song,56.94113378684807,58.37496598639456,1205.859375,7235.15625,present,https://s3.amazonaws.com/arbimon2/project_2770/detections/10555/8_4.png,1573192860000,,0.2763345912661742,22308
1711,168358444,MON_20191108_060000.p3.flac,Parque Urbano El Bosque,2019,11,Agelasticus thilius,Alternative Song,5.218684807256236,6.6525170068027215,1205.859375,7235.15625,present,https://s3.amazonaws.com/arbimon2/project_2770/detections/10555/8_6.png,1573192920000,,0.3090868760437392,22308
1712,168358447,MON_20191108_060000.p5.flac,Parque Urbano El Bosque,2019,11,Agelasticus thilius,Alternative Song,29.12362811791383,30.55746031746032,1205.859375,7235.15625,present,https://s3.amazonaws.com/arbimon2/project_2770/detections/10555/8_9.png,1573193040000,,0.2621434006772099,22308
1713,168358450,MON_20191108_070000.p2.flac,Parque Urbano El Bosque,2019,11,Agelasticus thilius,Alternative Song,32.39764172335601,33.8314739229025,1205.859375,7235.15625,present,https://s3.amazonaws.com/arbimon2/project_2770/detections/10555/8_12.png,1573196460000,,0.2444763162743323,22308
1714,168358451,MON_20191108_070000.p5.flac,Parque Urbano El Bosque,2019,11,Agelasticus thilius,Alternative Song,3.337868480725624,4.771700680272109,1205.859375,7235.15625,present,https://s3.amazonaws.com/arbimon2/project_2770/detections/10555/8_13.png,1573196640000,,0.2879746327533702,22308
1715,168358453,MON_20191108_070000.p3.flac,Parque Urbano El Bosque,2019,11,Agelasticus thilius,Alternative Song,32.58920634920635,34.02303854875284,1205.859375,7235.15625,present,https://s3.amazonaws.com/arbimon2/project_2770/detections/10555/8_15.png,1573196520000,,0.3074884013271494,22308
1716,168358463,MON_20191109_060000.p1.flac,Parque Urbano El Bosque,2019,11,Agelasticus thilius,Alternative Song,43.74639455782313,45.18022675736962,1205.859375,7235.15625,present,https://s3.amazonaws.com/arbimon2/project_2770/detections/10555/8_25.png,1573279200000,,0.3836437899902579,22308
1717,168358464,MON_20191109_060000.p1.flac,Parque Urbano El Bosque,2019,11,Agelasticus thilius,Alternative Song,19.08680272108844,20.52063492063492,1205.859375,7235.15625,present,https://s3.amazonaws.com/arbimon2/project_2770/detections/10555/8_26.png,1573279200000,,0.3599382105612195,22308
1718,168358465,MON_20191109_060000.p1.flac,Parque Urbano El Bosque,2019,11,Agelasticus thilius,Alternative Song,27.341496598639456,28.775328798185942,1205.859375,7235.15625,present,https://s3.amazonaws.com/arbimon2/project_2770/detections/10555/8_27.png,1573279200000,,0.2779508827962484,22308
1719,168358466,MON_20191109_060000.p3.flac,Parque Urbano El Bosque,2019,11,Agelasticus thilius,Alternative Song,53.01696145124716,54.45079365079365,1205.859375,7235.15625,present,https://s3.amazonaws.com/arbimon2/project_2770/detections/10555/8_28.png,1573279320000,,0.3757677402605305,22308
1720,168358469,MON_20191109_060000.p5.flac,Parque Urbano El Bosque,2019,11,Agelasticus thilius,Alternative Song,32.57759637188209,34.011428571428574,1205.859375,7235.15625,present,https://s3.amazonaws.com/arbimon2/project_2770/detections/10555/8_31.png,1573279440000,,0.3748607678916821,22308
1721,168358472,MON_20191109_060000.p2.flac,Parque Urbano El Bosque,2019,11,Agelasticus thilius,Alternative Song,53.55102040816327,54.98485260770975,1205.859375,7235.15625,present,https://s3.amazonaws.com/arbimon2/project_2770/detections/10555/8_34.png,1573279260000,,0.441809541038103,22308
1722,168358473,MON_20191109_060000.p2.flac,Parque Urbano El Bosque,2019,11,Agelasticus thilius,Alternative Song,39.54358276643991,40.9774149659864,1205.859375,7235.15625,present,https://s3.amazonaws.com/arbimon2/project_2770/detections/10555/8_35.png,1573279260000,,0.2881522928576866,22308
1723,168358474,MON_20191109_060000.p2.flac,Parque Urbano El Bosque,2019,11,Agelasticus thilius,Alternative Song,10.170340136054422,11.604172335600907,1205.859375,7235.15625,present,https://s3.amazonaws.com/arbimon2/project_2770/detections/10555/8_36.png,1573279260000,,0.2831814197657711,22308
1724,168358481,MON_20191109_090000.p4.flac,Parque Urbano El Bosque,2019,11,Agelasticus thilius,Alternative Song,18.697868480725624,20.131700680272107,1205.859375,7235.15625,present,https://s3.amazonaws.com/arbimon2/project_2770/detections/10555/8_43.png,1573290180000,,0.262029566068486,22308
1725,168358484,MON_20191109_120000.p2.flac,Parque Urbano El Bosque,2019,11,Agelasticus thilius,Alternative Song,52.36099773242631,53.79482993197279,1205.859375,7235.15625,present,https://s3.amazonaws.com/arbimon2/project_2770/detections/10555/8_46.png,1573300860000,,0.2560945205725316,22308
1726,168358485,MON_20191109_120000.p3.flac,Parque Urbano El Bosque,2019,11,Agelasticus thilius,Alternative Song,33.68054421768707,35.11437641723356,1205.859375,7235.15625,present,https://s3.amazonaws.com/arbimon2/project_2770/detections/10555/8_47.png,1573300920000,,0.3332264169450143,22308
1727,168358496,MON_20191109_190000.p2.flac,Parque Urbano El Bosque,2019,11,Agelasticus thilius,Alternative Song,6.1184580498866215,7.552290249433106,1205.859375,7235.15625,present,https://s3.amazonaws.com/arbimon2/project_2770/detections/10555/8_58.png,1573326060000,,0.2491006455589463,22308
1728,168358497,MON_20191109_200000.p1.flac,Parque Urbano El Bosque,2019,11,Agelasticus thilius,Alternative Song,47.52544217687075,48.959274376417234,1205.859375,7235.15625,present,https://s3.amazonaws.com/arbimon2/project_2770/detections/10555/8_59.png,1573329600000,,0.3724253904009643,22308
1729,168358498,MON_20191109_200000.p1.flac,Parque Urbano El Bosque,2019,11,Agelasticus thilius,Alternative Song,5.241904761904762,6.675736961451247,1205.859375,7235.15625,present,https://s3.amazonaws.com/arbimon2/project_2770/detections/10555/8_60.png,1573329600000,,0.360182984829505,22308
1730,168358499,MON_20191109_200000.p1.flac,Parque Urbano El Bosque,2019,11,Agelasticus thilius,Alternative Song,38.051700680272106,39.48553287981859,1205.859375,7235.15625,present,https://s3.amazonaws.com/arbimon2/project_2770/detections/10555/8_61.png,1573329600000,,0.3383832433318953,22308
1731,168358500,MON_20191109_200000.p2.flac,Parque Urbano El Bosque,2019,11,Agelasticus thilius,Alternative Song,41.18639455782313,42.620226757369615,1205.859375,7235.15625,present,https://s3.amazonaws.com/arbimon2/project_2770/detections/10555/8_62.png,1573329660000,,0.3857079672831485,22308
1732,168358501,MON_20191109_200000.p2.flac,Parque Urbano El Bosque,2019,11,Agelasticus thilius,Alternative Song,55.75691609977324,57.19074829931973,1205.859375,7235.15625,present,https://s3.amazonaws.com/arbimon2/project_2770/detections/10555/8_63.png,1573329660000,,0.3644476505256903,22308
1733,168358503,MON_20191109_200000.p4.flac,Parque Urbano El Bosque,2019,11,Agelasticus thilius,Alternative Song,16.579047619047618,18.012879818594104,1205.859375,7235.15625,present,https://s3.amazonaws.com/arbimon2/project_2770/detections/10555/8_65.png,1573329780000,,0.386960971415492,22308
1734,168358504,MON_20191110_060000.p1.flac,Parque Urbano El Bosque,2019,11,Agelasticus thilius,Alternative Song,50.48018140589569,51.91401360544218,1205.859375,7235.15625,present,https://s3.amazonaws.com/arbimon2/project_2770/detections/10555/8_66.png,1573365600000,,0.3104801175032872,22308
1735,168358507,MON_20191110_060000.p3.flac,Parque Urbano El Bosque,2019,11,Agelasticus thilius,Alternative Song,45.16281179138322,46.59664399092971,1205.859375,7235.15625,present,https://s3.amazonaws.com/arbimon2/project_2770/detections/10555/8_69.png,1573365720000,,0.3274680804891695,22308
1736,168358508,MON_20191110_060000.p3.flac,Parque Urbano El Bosque,2019,11,Agelasticus thilius,Alternative Song,39.00952380952381,40.44335600907029,1205.859375,7235.15625,present,https://s3.amazonaws.com/arbimon2/project_2770/detections/10555/8_70.png,1573365720000,,0.3046186589603964,22308
1737,168358509,MON_20191110_060000.p3.flac,Parque Urbano El Bosque,2019,11,Agelasticus thilius,Alternative Song,49.90548752834467,51.33931972789116,1205.859375,7235.15625,present,https://s3.amazonaws.com/arbimon2/project_2770/detections/10555/8_71.png,1573365720000,,0.2976771150484908,22308
1738,168358511,MON_20191110_060000.p2.flac,Parque Urbano El Bosque,2019,11,Agelasticus thilius,Alternative Song,47.00299319727891,48.4368253968254,1205.859375,7235.15625,present,https://s3.amazonaws.com/arbimon2/project_2770/detections/10555/8_73.png,1573365660000,,0.3177652558768373,22308
1739,168358512,MON_20191110_060000.p2.flac,Parque Urbano El Bosque,2019,11,Agelasticus thilius,Alternative Song,41.41859410430839,42.85242630385488,1205.859375,7235.15625,present,https://s3.amazonaws.com/arbimon2/project_2770/detections/10555/8_74.png,1573365660000,,0.2641062344332426,22308
1740,168358513,MON_20191110_060000.p2.flac,Parque Urbano El Bosque,2019,11,Agelasticus thilius,Alternative Song,38.89342403628118,40.32725623582766,1205.859375,7235.15625,present,https://s3.amazonaws.com/arbimon2/project_2770/detections/10555/8_75.png,1573365660000,,0.262969722604667,22308
1741,168358514,MON_20191110_060000.p5.flac,Parque Urbano El Bosque,2019,11,Agelasticus thilius,Alternative Song,5.642448979591837,7.076281179138322,1205.859375,7235.15625,present,https://s3.amazonaws.com/arbimon2/project_2770/detections/10555/8_76.png,1573365840000,,0.3056320825404301,22308
1742,168358515,MON_20191110_060000.p5.flac,Parque Urbano El Bosque,2019,11,Agelasticus thilius,Alternative Song,23.359274376417236,24.79310657596372,1205.859375,7235.15625,present,https://s3.amazonaws.com/arbimon2/project_2770/detections/10555/8_77.png,1573365840000,,0.2869895168597873,22308
1743,168358516,MON_20191110_060000.p5.flac,Parque Urbano El Bosque,2019,11,Agelasticus thilius,Alternative Song,35.35818594104308,36.79201814058957,1205.859375,7235.15625,present,https://s3.amazonaws.com/arbimon2/project_2770/detections/10555/8_78.png,1573365840000,,0.2652436340017828,22308
1744,168358517,MON_20191110_070000.p3.flac,Parque Urbano El Bosque,2019,11,Agelasticus thilius,Alternative Song,42.00489795918367,43.43873015873016,1205.859375,7235.15625,present,https://s3.amazonaws.com/arbimon2/project_2770/detections/10555/8_79.png,1573369320000,,0.2982019961904337,22308
1745,168358524,MON_20191129_070000.p4.flac,Parque Urbano El Bosque,2019,11,Agelasticus thilius,Alternative Song,40.80907029478458,42.24290249433106,1205.859375,7235.15625,present,https://s3.amazonaws.com/arbimon2/project_2770/detections/10555/62_3.png,1575010980000,,0.277165310385518,22308
1746,168358525,MON_20191129_070000.p1.flac,Parque Urbano El Bosque,2019,11,Agelasticus thilius,Alternative Song,51.78049886621315,53.21433106575964,1205.859375,7235.15625,present,https://s3.amazonaws.com/arbimon2/project_2770/detections/10555/62_4.png,1575010800000,,0.3164957716009127,22308
1747,168358526,MON_20191129_070000.p2.flac,Parque Urbano El Bosque,2019,11,Agelasticus thilius,Alternative Song,16.991201814058957,18.42503401360544,1205.859375,7235.15625,present,https://s3.amazonaws.com/arbimon2/project_2770/detections/10555/62_5.png,1575010860000,,0.2524506857972759,22308
1748,168358527,MON_20191026_150000.p5.flac,Parque Urbano El Bosque,2019,10,Agelasticus thilius,Alternative Song,14.32671201814059,15.760544217687077,1205.859375,7235.15625,present,https://s3.amazonaws.com/arbimon2/project_2770/detections/10555/3_0.png,1572102240000,,0.2460596570628004,22308
1749,168358538,MON_20191021_140000.p2.flac,Parque Urbano El Bosque,2019,10,Agelasticus thilius,Alternative Song,53.35945578231293,54.79328798185941,1205.859375,7235.15625,present,https://s3.amazonaws.com/arbimon2/project_2770/detections/10555/1_2.png,1571666460000,,0.3100834713297639,22308
1750,168358541,MON_20191021_140000.p3.flac,Parque Urbano El Bosque,2019,10,Agelasticus thilius,Alternative Song,28.46185941043084,29.895691609977323,1205.859375,7235.15625,present,https://s3.amazonaws.com/arbimon2/project_2770/detections/10555/1_5.png,1571666520000,,0.250641099006661,22308
1751,168358545,MON_20191021_180000.p1.flac,Parque Urbano El Bosque,2019,10,Agelasticus thilius,Alternative Song,11.186213151927438,12.620045351473925,1205.859375,7235.15625,present,https://s3.amazonaws.com/arbimon2/project_2770/detections/10555/1_9.png,1571680800000,,0.2928917964554238,22308
1752,168358550,MON_20191022_170000.p1.flac,Parque Urbano El Bosque,2019,10,Agelasticus thilius,Alternative Song,57.933786848072565,59.36761904761904,1205.859375,7235.15625,present,https://s3.amazonaws.com/arbimon2/project_2770/detections/10555/1_14.png,1571763600000,,0.2542612657879623,22308
1753,168358553,MON_20191022_170000.p2.flac,Parque Urbano El Bosque,2019,10,Agelasticus thilius,Alternative Song,19.464126984126985,20.897959183673468,1205.859375,7235.15625,present,https://s3.amazonaws.com/arbimon2/project_2770/detections/10555/1_17.png,1571763660000,,0.3279365604682676,22308
1754,168358554,MON_20191022_170000.p3.flac,Parque Urbano El Bosque,2019,10,Agelasticus thilius,Alternative Song,35.00408163265306,36.43791383219955,1205.859375,7235.15625,present,https://s3.amazonaws.com/arbimon2/project_2770/detections/10555/1_18.png,1571763720000,,0.3163749171902872,22308
1755,168358557,MON_20191022_170000.p5.flac,Parque Urbano El Bosque,2019,10,Agelasticus thilius,Alternative Song,14.913015873015873,16.34684807256236,1205.859375,7235.15625,present,https://s3.amazonaws.com/arbimon2/project_2770/detections/10555/1_21.png,1571763840000,,0.3068387088027549,22308
1756,168358568,MON_20191023_110000.p1.flac,Parque Urbano El Bosque,2019,10,Agelasticus thilius,Alternative Song,37.25641723356009,38.69024943310657,1205.859375,7235.15625,present,https://s3.amazonaws.com/arbimon2/project_2770/detections/10555/1_32.png,1571828400000,,0.3319812582937173,22308
1757,168358596,MON_20191030_090000.p5.flac,Parque Urbano El Bosque,2019,10,Agelasticus thilius,Alternative Song,34.62095238095238,36.05478458049887,1205.859375,7235.15625,present,https://s3.amazonaws.com/arbimon2/project_2770/detections/10555/4_14.png,1572426240000,,0.2846614397962703,22308
1758,168358597,MON_20191030_150000.p1.flac,Parque Urbano El Bosque,2019,10,Agelasticus thilius,Alternative Song,7.482630385487528,8.916462585034013,1205.859375,7235.15625,present,https://s3.amazonaws.com/arbimon2/project_2770/detections/10555/4_15.png,1572447600000,,0.2527354116783876,22308
1759,168358598,MON_20191030_160000.p1.flac,Parque Urbano El Bosque,2019,10,Agelasticus thilius,Alternative Song,41.21541950113379,42.649251700680274,1205.859375,7235.15625,present,https://s3.amazonaws.com/arbimon2/project_2770/detections/10555/4_16.png,1572451200000,,0.3175150022143204,22308
1760,168358599,MON_20191030_160000.p2.flac,Parque Urbano El Bosque,2019,10,Agelasticus thilius,Alternative Song,35.590385487528344,37.02421768707483,1205.859375,7235.15625,present,https://s3.amazonaws.com/arbimon2/project_2770/detections/10555/4_17.png,1572451260000,,0.3269517981701645,22308
1761,168358602,MON_20191030_190000.p4.flac,Parque Urbano El Bosque,2019,10,Agelasticus thilius,Alternative Song,43.78122448979592,45.2150566893424,1205.859375,7235.15625,present,https://s3.amazonaws.com/arbimon2/project_2770/detections/10555/4_20.png,1572462180000,,0.2848248890421991,22308
1762,168358604,MON_20191030_200000.p1.flac,Parque Urbano El Bosque,2019,10,Agelasticus thilius,Alternative Song,56.37804988662131,57.8118820861678,1205.859375,7235.15625,present,https://s3.amazonaws.com/arbimon2/project_2770/detections/10555/4_22.png,1572465600000,,0.2620856841509887,22308
1763,168358607,MON_20191030_200000.p5.flac,Parque Urbano El Bosque,2019,10,Agelasticus thilius,Alternative Song,8.51591836734694,9.949750566893425,1205.859375,7235.15625,present,https://s3.amazonaws.com/arbimon2/project_2770/detections/10555/4_25.png,1572465840000,,0.3523195395208305,22308
1764,168358608,MON_20191030_200000.p4.flac,Parque Urbano El Bosque,2019,10,Agelasticus thilius,Alternative Song,53.54521541950113,54.97904761904762,1205.859375,7235.15625,present,https://s3.amazonaws.com/arbimon2/project_2770/detections/10555/4_26.png,1572465780000,,0.3595525559278216,22308
1765,168358609,MON_20191031_060000.p1.flac,Parque Urbano El Bosque,2019,10,Agelasticus thilius,Alternative Song,6.530612244897959,7.964444444444444,1205.859375,7235.15625,present,https://s3.amazonaws.com/arbimon2/project_2770/detections/10555/4_27.png,1572501600000,,0.4037086688378721,22308
1766,168358610,MON_20191031_060000.p2.flac,Parque Urbano El Bosque,2019,10,Agelasticus thilius,Alternative Song,4.794920634920635,6.22875283446712,1205.859375,7235.15625,present,https://s3.amazonaws.com/arbimon2/project_2770/detections/10555/4_28.png,1572501660000,,0.3831569930942132,22308
1767,168358611,MON_20191031_060000.p2.flac,Parque Urbano El Bosque,2019,10,Agelasticus thilius,Alternative Song,50.52081632653061,51.9546485260771,1205.859375,7235.15625,present,https://s3.amazonaws.com/arbimon2/project_2770/detections/10555/4_29.png,1572501660000,,0.3757650498198935,22308
1768,168358612,MON_20191031_060000.p3.flac,Parque Urbano El Bosque,2019,10,Agelasticus thilius,Alternative Song,55.70467120181406,57.13850340136055,1205.859375,7235.15625,present,https://s3.amazonaws.com/arbimon2/project_2770/detections/10555/4_30.png,1572501720000,,0.3760570167296528,22308
1769,168358613,MON_20191031_060000.p4.flac,Parque Urbano El Bosque,2019,10,Agelasticus thilius,Alternative Song,0.1741496598639455,1.607981859410431,1205.859375,7235.15625,present,https://s3.amazonaws.com/arbimon2/project_2770/detections/10555/4_31.png,1572501780000,,0.4108833520434139,22308
1770,168358614,MON_20191031_060000.p4.flac,Parque Urbano El Bosque,2019,10,Agelasticus thilius,Alternative Song,57.02820861678005,58.46204081632653,1205.859375,7235.15625,present,https://s3.amazonaws.com/arbimon2/project_2770/detections/10555/4_32.png,1572501780000,,0.332363204217177,22308
1771,168358615,MON_20191031_060000.p4.flac,Parque Urbano El Bosque,2019,10,Agelasticus thilius,Alternative Song,47.50802721088435,48.94185941043084,1205.859375,7235.15625,present,https://s3.amazonaws.com/arbimon2/project_2770/detections/10555/4_33.png,1572501780000,,0.298827647241008,22308
1772,168358616,MON_20191031_060000.p5.flac,Parque Urbano El Bosque,2019,10,Agelasticus thilius,Alternative Song,34.603537414965984,36.03736961451247,1205.859375,7235.15625,present,https://s3.amazonaws.com/arbimon2/project_2770/detections/10555/4_34.png,1572501840000,,0.3438543379353072,22308
1773,168358629,MON_20191110_200000.p2.flac,Parque Urbano El Bosque,2019,11,Agelasticus thilius,Alternative Song,39.54358276643991,40.9774149659864,1205.859375,7235.15625,present,https://s3.amazonaws.com/arbimon2/project_2770/detections/10555/9_7.png,1573416060000,,0.3575907627958719,22308
1774,168358630,MON_20191110_200000.p2.flac,Parque Urbano El Bosque,2019,11,Agelasticus thilius,Alternative Song,22.175056689342405,23.608888888888888,1205.859375,7235.15625,present,https://s3.amazonaws.com/arbimon2/project_2770/detections/10555/9_8.png,1573416060000,,0.3442964592088221,22308
1775,168358631,MON_20191110_200000.p3.flac,Parque Urbano El Bosque,2019,11,Agelasticus thilius,Alternative Song,26.99319727891157,28.42702947845805,1205.859375,7235.15625,present,https://s3.amazonaws.com/arbimon2/project_2770/detections/10555/9_9.png,1573416120000,,0.2969124759403381,22308
1776,168358632,MON_20191110_200000.p5.flac,Parque Urbano El Bosque,2019,11,Agelasticus thilius,Alternative Song,37.17514739229025,38.608979591836736,1205.859375,7235.15625,present,https://s3.amazonaws.com/arbimon2/project_2770/detections/10555/9_10.png,1573416240000,,0.2987065246891076,22308
1777,168358633,MON_20191110_200000.p5.flac,Parque Urbano El Bosque,2019,11,Agelasticus thilius,Alternative Song,9.160272108843538,10.594104308390024,1205.859375,7235.15625,present,https://s3.amazonaws.com/arbimon2/project_2770/detections/10555/9_11.png,1573416240000,,0.2704079832410008,22308
1778,168358635,MON_20191111_060000.p3.flac,Parque Urbano El Bosque,2019,11,Agelasticus thilius,Alternative Song,55.32154195011338,56.755374149659865,1205.859375,7235.15625,present,https://s3.amazonaws.com/arbimon2/project_2770/detections/10555/9_13.png,1573452120000,,0.3382846474810033,22308
1779,168358636,MON_20191111_060000.p3.flac,Parque Urbano El Bosque,2019,11,Agelasticus thilius,Alternative Song,23.15609977324263,24.58993197278912,1205.859375,7235.15625,present,https://s3.amazonaws.com/arbimon2/project_2770/detections/10555/9_14.png,1573452120000,,0.3073922733700208,22308
1780,168358638,MON_20191111_060000.p2.flac,Parque Urbano El Bosque,2019,11,Agelasticus thilius,Alternative Song,33.448344671201816,34.882176870748296,1205.859375,7235.15625,present,https://s3.amazonaws.com/arbimon2/project_2770/detections/10555/9_16.png,1573452060000,,0.2723177083161736,22308
1781,168358640,MON_20191111_060000.p4.flac,Parque Urbano El Bosque,2019,11,Agelasticus thilius,Alternative Song,41.9352380952381,43.36907029478458,1205.859375,7235.15625,present,https://s3.amazonaws.com/arbimon2/project_2770/detections/10555/9_18.png,1573452180000,,0.2999971715145877,22308
1782,168358643,MON_20191111_060000.p5.flac,Parque Urbano El Bosque,2019,11,Agelasticus thilius,Alternative Song,50.033197278911565,51.46702947845805,1205.859375,7235.15625,present,https://s3.amazonaws.com/arbimon2/project_2770/detections/10555/9_21.png,1573452240000,,0.351423618309395,22308
1783,168358644,MON_20191111_060000.p5.flac,Parque Urbano El Bosque,2019,11,Agelasticus thilius,Alternative Song,5.4392743764172335,6.873106575963718,1205.859375,7235.15625,present,https://s3.amazonaws.com/arbimon2/project_2770/detections/10555/9_22.png,1573452240000,,0.2775928589713982,22308
1784,168358646,MON_20191111_060000.p1.flac,Parque Urbano El Bosque,2019,11,Agelasticus thilius,Alternative Song,11.755102040816327,13.188934240362812,1205.859375,7235.15625,present,https://s3.amazonaws.com/arbimon2/project_2770/detections/10555/9_24.png,1573452000000,,0.2948400049771199,22308
1785,168358647,MON_20191111_060000.p1.flac,Parque Urbano El Bosque,2019,11,Agelasticus thilius,Alternative Song,0.2612244897959184,1.6950566893424035,1205.859375,7235.15625,present,https://s3.amazonaws.com/arbimon2/project_2770/detections/10555/9_25.png,1573452000000,,0.2745498953361823,22308
1786,168358648,MON_20191111_060000.p1.flac,Parque Urbano El Bosque,2019,11,Agelasticus thilius,Alternative Song,56.917913832199545,58.35174603174603,1205.859375,7235.15625,present,https://s3.amazonaws.com/arbimon2/project_2770/detections/10555/9_26.png,1573452000000,,0.2540834304390931,22308
1787,168358653,MON_20191111_110000.p5.flac,Parque Urbano El Bosque,2019,11,Agelasticus thilius,Alternative Song,12.75936507936508,14.193197278911564,1205.859375,7235.15625,present,https://s3.amazonaws.com/arbimon2/project_2770/detections/10555/9_31.png,1573470240000,,0.3570247963932772,22308
1788,168358657,MON_20191111_130000.p3.flac,Parque Urbano El Bosque,2019,11,Agelasticus thilius,Alternative Song,18.25668934240363,19.690521541950112,1205.859375,7235.15625,present,https://s3.amazonaws.com/arbimon2/project_2770/detections/10555/9_35.png,1573477320000,,0.2545502211389102,22308
1789,168358660,MON_20191111_140000.p1.flac,Parque Urbano El Bosque,2019,11,Agelasticus thilius,Alternative Song,49.60362811791384,51.03746031746032,1205.859375,7235.15625,present,https://s3.amazonaws.com/arbimon2/project_2770/detections/10555/9_38.png,1573480800000,,0.2563084886321502,22308
1790,168358663,MON_20191111_160000.p5.flac,Parque Urbano El Bosque,2019,11,Agelasticus thilius,Alternative Song,37.05904761904762,38.492879818594105,1205.859375,7235.15625,present,https://s3.amazonaws.com/arbimon2/project_2770/detections/10555/9_41.png,1573488240000,,0.250756016538955,22308
1791,168358665,MON_20191111_200000.p2.flac,Parque Urbano El Bosque,2019,11,Agelasticus thilius,Alternative Song,34.89959183673469,36.33342403628118,1205.859375,7235.15625,present,https://s3.amazonaws.com/arbimon2/project_2770/detections/10555/9_43.png,1573502460000,,0.2504296684366927,22308
1792,168358666,MON_20191111_200000.p2.flac,Parque Urbano El Bosque,2019,11,Agelasticus thilius,Alternative Song,58.43301587301588,59.86684807256236,1205.859375,7235.15625,present,https://s3.amazonaws.com/arbimon2/project_2770/detections/10555/9_44.png,1573502460000,,0.2480578953201988,22308
1793,168358668,MON_20191111_200000.p1.flac,Parque Urbano El Bosque,2019,11,Agelasticus thilius,Alternative Song,3.2565986394557824,4.690430839002268,1205.859375,7235.15625,present,https://s3.amazonaws.com/arbimon2/project_2770/detections/10555/9_46.png,1573502400000,,0.2976310191308114,22308
1794,168358669,MON_20191111_200000.p1.flac,Parque Urbano El Bosque,2019,11,Agelasticus thilius,Alternative Song,47.98403628117914,49.41786848072562,1205.859375,7235.15625,present,https://s3.amazonaws.com/arbimon2/project_2770/detections/10555/9_47.png,1573502400000,,0.2830147202217785,22308
1795,168358673,MON_20191111_200000.p4.flac,Parque Urbano El Bosque,2019,11,Agelasticus thilius,Alternative Song,27.9568253968254,29.39065759637188,1205.859375,7235.15625,present,https://s3.amazonaws.com/arbimon2/project_2770/detections/10555/9_51.png,1573502580000,,0.247445910419709,22308
1796,168358677,MON_20191112_060000.p1.flac,Parque Urbano El Bosque,2019,11,Agelasticus thilius,Alternative Song,29.97115646258504,31.40498866213152,1205.859375,7235.15625,present,https://s3.amazonaws.com/arbimon2/project_2770/detections/10555/9_55.png,1573538400000,,0.3490117446626078,22308
1797,168358678,MON_20191112_060000.p1.flac,Parque Urbano El Bosque,2019,11,Agelasticus thilius,Alternative Song,13.554648526077097,14.988480725623583,1205.859375,7235.15625,present,https://s3.amazonaws.com/arbimon2/project_2770/detections/10555/9_56.png,1573538400000,,0.3193140791893191,22308
1798,168358679,MON_20191112_060000.p1.flac,Parque Urbano El Bosque,2019,11,Agelasticus thilius,Alternative Song,45.377596371882085,46.81142857142857,1205.859375,7235.15625,present,https://s3.amazonaws.com/arbimon2/project_2770/detections/10555/9_57.png,1573538400000,,0.2632976801231445,22308
1799,168358680,MON_20191112_060000.p2.flac,Parque Urbano El Bosque,2019,11,Agelasticus thilius,Alternative Song,58.32852607709751,59.762358276644,1205.859375,7235.15625,present,https://s3.amazonaws.com/arbimon2/project_2770/detections/10555/9_58.png,1573538460000,,0.2941160396571066,22308
1800,168358681,MON_20191112_060000.p2.flac,Parque Urbano El Bosque,2019,11,Agelasticus thilius,Alternative Song,5.932698412698413,7.366530612244898,1205.859375,7235.15625,present,https://s3.amazonaws.com/arbimon2/project_2770/detections/10555/9_59.png,1573538460000,,0.2901950493777834,22308
1801,168358682,MON_20191112_060000.p2.flac,Parque Urbano El Bosque,2019,11,Agelasticus thilius,Alternative Song,32.095782312925174,33.52961451247165,1205.859375,7235.15625,present,https://s3.amazonaws.com/arbimon2/project_2770/detections/10555/9_60.png,1573538460000,,0.2678938738816941,22308
1802,168358683,MON_20191112_060000.p5.flac,Parque Urbano El Bosque,2019,11,Agelasticus thilius,Alternative Song,18.663038548752837,20.09687074829932,1205.859375,7235.15625,present,https://s3.amazonaws.com/arbimon2/project_2770/detections/10555/9_61.png,1573538640000,,0.294003823403605,22308
1803,168358684,MON_20191112_060000.p5.flac,Parque Urbano El Bosque,2019,11,Agelasticus thilius,Alternative Song,30.307845804988663,31.741678004535142,1205.859375,7235.15625,present,https://s3.amazonaws.com/arbimon2/project_2770/detections/10555/9_62.png,1573538640000,,0.2936303784596827,22308
1804,168358686,MON_20191112_060000.p3.flac,Parque Urbano El Bosque,2019,11,Agelasticus thilius,Alternative Song,0.7140136054421768,2.147845804988662,1205.859375,7235.15625,present,https://s3.amazonaws.com/arbimon2/project_2770/detections/10555/9_64.png,1573538520000,,0.342781758151602,22308
1805,168358687,MON_20191112_060000.p3.flac,Parque Urbano El Bosque,2019,11,Agelasticus thilius,Alternative Song,17.98385487528345,19.41768707482993,1205.859375,7235.15625,present,https://s3.amazonaws.com/arbimon2/project_2770/detections/10555/9_65.png,1573538520000,,0.2767584270544446,22308
1806,168358689,MON_20191112_060000.p4.flac,Parque Urbano El Bosque,2019,11,Agelasticus thilius,Alternative Song,0.6501587301587302,2.0839909297052155,1205.859375,7235.15625,present,https://s3.amazonaws.com/arbimon2/project_2770/detections/10555/9_67.png,1573538580000,,0.3510815998404104,22308
1807,168358690,MON_20191112_060000.p4.flac,Parque Urbano El Bosque,2019,11,Agelasticus thilius,Alternative Song,50.41052154195011,51.8443537414966,1205.859375,7235.15625,present,https://s3.amazonaws.com/arbimon2/project_2770/detections/10555/9_68.png,1573538580000,,0.314903909474938,22308
1808,168358691,MON_20191112_060000.p4.flac,Parque Urbano El Bosque,2019,11,Agelasticus thilius,Alternative Song,39.60743764172336,41.041269841269845,1205.859375,7235.15625,present,https://s3.amazonaws.com/arbimon2/project_2770/detections/10555/9_69.png,1573538580000,,0.2915266981596624,22308
1809,168358692,MON_20191112_070000.p1.flac,Parque Urbano El Bosque,2019,11,Agelasticus thilius,Alternative Song,28.54893424036281,29.982766439909295,1205.859375,7235.15625,present,https://s3.amazonaws.com/arbimon2/project_2770/detections/10555/9_70.png,1573542000000,,0.2499410632630991,22308
1810,168358693,MON_20191112_070000.p5.flac,Parque Urbano El Bosque,2019,11,Agelasticus thilius,Alternative Song,26.348843537414965,27.78267573696145,1205.859375,7235.15625,present,https://s3.amazonaws.com/arbimon2/project_2770/detections/10555/9_71.png,1573542240000,,0.3446874861593386,22308
1811,168358694,MON_20191112_070000.p5.flac,Parque Urbano El Bosque,2019,11,Agelasticus thilius,Alternative Song,43.81605442176871,45.24988662131519,1205.859375,7235.15625,present,https://s3.amazonaws.com/arbimon2/project_2770/detections/10555/9_72.png,1573542240000,,0.3398220047189671,22308
1812,168358695,MON_20191112_080000.p1.flac,Parque Urbano El Bosque,2019,11,Agelasticus thilius,Alternative Song,28.879818594104307,30.313650793650798,1205.859375,7235.15625,present,https://s3.amazonaws.com/arbimon2/project_2770/detections/10555/9_73.png,1573545600000,,0.2508372328440342,22308
1813,168358701,MON_20191112_160000.p4.flac,Parque Urbano El Bosque,2019,11,Agelasticus thilius,Alternative Song,24.03265306122449,25.466485260770973,1205.859375,7235.15625,present,https://s3.amazonaws.com/arbimon2/project_2770/detections/10555/9_79.png,1573574580000,,0.286033170210303,22308
1814,168358705,MON_20191031_120000.p5.flac,Parque Urbano El Bosque,2019,10,Agelasticus thilius,Alternative Song,39.76997732426304,41.203809523809525,1205.859375,7235.15625,present,https://s3.amazonaws.com/arbimon2/project_2770/detections/10555/5_1.png,1572523440000,,0.2485193784953374,22308
1815,168358716,MON_20191102_080000.p2.flac,Parque Urbano El Bosque,2019,11,Agelasticus thilius,Alternative Song,22.00671201814059,23.44054421768708,1205.859375,7235.15625,present,https://s3.amazonaws.com/arbimon2/project_2770/detections/10555/5_12.png,1572681660000,,0.2439549204645442,22308
1816,168358722,MON_20191102_120000.p4.flac,Parque Urbano El Bosque,2019,11,Agelasticus thilius,Alternative Song,30.603900226757368,32.037732426303855,1205.859375,7235.15625,present,https://s3.amazonaws.com/arbimon2/project_2770/detections/10555/5_18.png,1572696180000,,0.4053840289346948,22308
1817,168358731,MON_20191113_050000.p3.flac,Parque Urbano El Bosque,2019,11,Agelasticus thilius,Alternative Song,43.44453514739229,44.87836734693877,1205.859375,7235.15625,present,https://s3.amazonaws.com/arbimon2/project_2770/detections/10555/10_0.png,1573621320000,,0.2551644312916073,22308
1818,168358732,MON_20191113_050000.p4.flac,Parque Urbano El Bosque,2019,11,Agelasticus thilius,Alternative Song,56.71473922902494,58.14857142857143,1205.859375,7235.15625,present,https://s3.amazonaws.com/arbimon2/project_2770/detections/10555/10_1.png,1573621380000,,0.2762281649151624,22308
1819,168358733,MON_20191113_050000.p4.flac,Parque Urbano El Bosque,2019,11,Agelasticus thilius,Alternative Song,42.82920634920635,44.26303854875283,1205.859375,7235.15625,present,https://s3.amazonaws.com/arbimon2/project_2770/detections/10555/10_2.png,1573621380000,,0.2626241411978955,22308
1820,168358734,MON_20191113_060000.p1.flac,Parque Urbano El Bosque,2019,11,Agelasticus thilius,Alternative Song,37.65115646258504,39.08498866213152,1205.859375,7235.15625,present,https://s3.amazonaws.com/arbimon2/project_2770/detections/10555/10_3.png,1573624800000,,0.2825998375882653,22308
1821,168358735,MON_20191113_060000.p1.flac,Parque Urbano El Bosque,2019,11,Agelasticus thilius,Alternative Song,52.82539682539682,54.25922902494331,1205.859375,7235.15625,present,https://s3.amazonaws.com/arbimon2/project_2770/detections/10555/10_4.png,1573624800000,,0.2754239107468946,22308
1822,168358736,MON_20191113_060000.p1.flac,Parque Urbano El Bosque,2019,11,Agelasticus thilius,Alternative Song,47.90857142857143,49.34240362811792,1205.859375,7235.15625,present,https://s3.amazonaws.com/arbimon2/project_2770/detections/10555/10_5.png,1573624800000,,0.2572992686014395,22308
1823,168358737,MON_20191113_060000.p2.flac,Parque Urbano El Bosque,2019,11,Agelasticus thilius,Alternative Song,32.565986394557825,33.99981859410431,1205.859375,7235.15625,present,https://s3.amazonaws.com/arbimon2/project_2770/detections/10555/10_6.png,1573624860000,,0.2840348426185902,22308
1824,168358738,MON_20191113_060000.p2.flac,Parque Urbano El Bosque,2019,11,Agelasticus thilius,Alternative Song,5.752743764172336,7.186575963718821,1205.859375,7235.15625,present,https://s3.amazonaws.com/arbimon2/project_2770/detections/10555/10_7.png,1573624860000,,0.2530084909115004,22308
1825,168358740,MON_20191113_060000.p3.flac,Parque Urbano El Bosque,2019,11,Agelasticus thilius,Alternative Song,31.12054421768708,32.55437641723356,1205.859375,7235.15625,present,https://s3.amazonaws.com/arbimon2/project_2770/detections/10555/10_9.png,1573624920000,,0.2862029879004403,22308
1826,168358741,MON_20191113_060000.p3.flac,Parque Urbano El Bosque,2019,11,Agelasticus thilius,Alternative Song,15.957913832199546,17.39174603174603,1205.859375,7235.15625,present,https://s3.amazonaws.com/arbimon2/project_2770/detections/10555/10_10.png,1573624920000,,0.257625597727012,22308
1827,168358743,MON_20191113_060000.p4.flac,Parque Urbano El Bosque,2019,11,Agelasticus thilius,Alternative Song,12.422675736961452,13.856507936507937,1205.859375,7235.15625,present,https://s3.amazonaws.com/arbimon2/project_2770/detections/10555/10_12.png,1573624980000,,0.3549473024211323,22308
1828,168358744,MON_20191113_060000.p4.flac,Parque Urbano El Bosque,2019,11,Agelasticus thilius,Alternative Song,56.105215419501135,57.53904761904762,1205.859375,7235.15625,present,https://s3.amazonaws.com/arbimon2/project_2770/detections/10555/10_13.png,1573624980000,,0.3351680321250304,22308
1829,168358745,MON_20191113_060000.p4.flac,Parque Urbano El Bosque,2019,11,Agelasticus thilius,Alternative Song,23.980408163265302,25.414240362811796,1205.859375,7235.15625,present,https://s3.amazonaws.com/arbimon2/project_2770/detections/10555/10_14.png,1573624980000,,0.2912396869342947,22308
1830,168358746,MON_20191113_060000.p5.flac,Parque Urbano El Bosque,2019,11,Agelasticus thilius,Alternative Song,27.89877551020408,29.332607709750565,1205.859375,7235.15625,present,https://s3.amazonaws.com/arbimon2/project_2770/detections/10555/10_15.png,1573625040000,,0.2574868160771584,22308
1831,168358749,MON_20191113_070000.p1.flac,Parque Urbano El Bosque,2019,11,Agelasticus thilius,Alternative Song,21.82095238095238,23.254784580498868,1205.859375,7235.15625,present,https://s3.amazonaws.com/arbimon2/project_2770/detections/10555/10_18.png,1573628400000,,0.3224962730824461,22308
1832,168358753,MON_20191113_080000.p2.flac,Parque Urbano El Bosque,2019,11,Agelasticus thilius,Alternative Song,57.35909297052154,58.79292517006802,1205.859375,7235.15625,present,https://s3.amazonaws.com/arbimon2/project_2770/detections/10555/10_22.png,1573632060000,,0.3529435660242167,22308
1833,168358754,MON_20191113_080000.p2.flac,Parque Urbano El Bosque,2019,11,Agelasticus thilius,Alternative Song,11.673832199546483,13.10766439909297,1205.859375,7235.15625,present,https://s3.amazonaws.com/arbimon2/project_2770/detections/10555/10_23.png,1573632060000,,0.3480173780866754,22308
1834,168358755,MON_20191113_080000.p2.flac,Parque Urbano El Bosque,2019,11,Agelasticus thilius,Alternative Song,33.36707482993197,34.80090702947846,1205.859375,7235.15625,present,https://s3.amazonaws.com/arbimon2/project_2770/detections/10555/10_24.png,1573632060000,,0.2563784702494274,22308
1835,168358757,MON_20191113_080000.p5.flac,Parque Urbano El Bosque,2019,11,Agelasticus thilius,Alternative Song,27.91619047619048,29.35002267573696,1205.859375,7235.15625,present,https://s3.amazonaws.com/arbimon2/project_2770/detections/10555/10_26.png,1573632240000,,0.2451029514568725,22308
1836,168358758,MON_20191113_100000.p3.flac,Parque Urbano El Bosque,2019,11,Agelasticus thilius,Alternative Song,52.47709750566894,53.910929705215416,1205.859375,7235.15625,present,https://s3.amazonaws.com/arbimon2/project_2770/detections/10555/10_27.png,1573639320000,,0.2558403987892648,22308
1837,168358759,MON_20191113_100000.p5.flac,Parque Urbano El Bosque,2019,11,Agelasticus thilius,Alternative Song,52.01269841269841,53.4465306122449,1205.859375,7235.15625,present,https://s3.amazonaws.com/arbimon2/project_2770/detections/10555/10_28.png,1573639440000,,0.4427244638167507,22308
1838,168358760,MON_20191113_100000.p5.flac,Parque Urbano El Bosque,2019,11,Agelasticus thilius,Alternative Song,27.39954648526077,28.833378684807258,1205.859375,7235.15625,present,https://s3.amazonaws.com/arbimon2/project_2770/detections/10555/10_29.png,1573639440000,,0.4151498785974966,22308
1839,168358762,MON_20191113_110000.p5.flac,Parque Urbano El Bosque,2019,11,Agelasticus thilius,Alternative Song,44.59972789115646,46.03356009070295,1205.859375,7235.15625,present,https://s3.amazonaws.com/arbimon2/project_2770/detections/10555/10_31.png,1573643040000,,0.3428843624499665,22308
1840,168358763,MON_20191113_130000.p2.flac,Parque Urbano El Bosque,2019,11,Agelasticus thilius,Alternative Song,22.66848072562358,24.102312925170068,1205.859375,7235.15625,present,https://s3.amazonaws.com/arbimon2/project_2770/detections/10555/10_32.png,1573650060000,,0.2725891443836408,22308
1841,168358765,MON_20191113_140000.p4.flac,Parque Urbano El Bosque,2019,11,Agelasticus thilius,Alternative Song,43.45034013605442,44.88417233560091,1205.859375,7235.15625,present,https://s3.amazonaws.com/arbimon2/project_2770/detections/10555/10_34.png,1573653780000,,0.2537482002153496,22308
1842,168358766,MON_20191113_150000.p3.flac,Parque Urbano El Bosque,2019,11,Agelasticus thilius,Alternative Song,43.21814058956916,44.651972789115646,1205.859375,7235.15625,present,https://s3.amazonaws.com/arbimon2/project_2770/detections/10555/10_35.png,1573657320000,,0.2576633721007005,22308
1843,168358767,MON_20191113_150000.p4.flac,Parque Urbano El Bosque,2019,11,Agelasticus thilius,Alternative Song,19.40607709750567,20.83990929705216,1205.859375,7235.15625,present,https://s3.amazonaws.com/arbimon2/project_2770/detections/10555/10_36.png,1573657380000,,0.2595229208015972,22308
1844,168358769,MON_20191113_180000.p1.flac,Parque Urbano El Bosque,2019,11,Agelasticus thilius,Alternative Song,6.965986394557823,8.399818594104309,1205.859375,7235.15625,present,https://s3.amazonaws.com/arbimon2/project_2770/detections/10555/10_38.png,1573668000000,,0.3137897388235959,22308
1845,168358771,MON_20191113_180000.p3.flac,Parque Urbano El Bosque,2019,11,Agelasticus thilius,Alternative Song,33.62249433106576,35.056326530612246,1205.859375,7235.15625,present,https://s3.amazonaws.com/arbimon2/project_2770/detections/10555/10_40.png,1573668120000,,0.2565251686208107,22308
1846,168358773,MON_20191113_180000.p4.flac,Parque Urbano El Bosque,2019,11,Agelasticus thilius,Alternative Song,36.30439909297052,37.73823129251701,1205.859375,7235.15625,present,https://s3.amazonaws.com/arbimon2/project_2770/detections/10555/10_42.png,1573668180000,,0.286642093380829,22308
1847,168358774,MON_20191113_180000.p4.flac,Parque Urbano El Bosque,2019,11,Agelasticus thilius,Alternative Song,5.828208616780046,7.262040816326531,1205.859375,7235.15625,present,https://s3.amazonaws.com/arbimon2/project_2770/detections/10555/10_43.png,1573668180000,,0.275833195028453,22308
1848,168358775,MON_20191113_180000.p5.flac,Parque Urbano El Bosque,2019,11,Agelasticus thilius,Alternative Song,0.5630839002267574,1.9969160997732427,1205.859375,7235.15625,present,https://s3.amazonaws.com/arbimon2/project_2770/detections/10555/10_44.png,1573668240000,,0.26459891165902,22308
1849,168358776,MON_20191113_190000.p3.flac,Parque Urbano El Bosque,2019,11,Agelasticus thilius,Alternative Song,25.896054421768707,27.329886621315197,1205.859375,7235.15625,present,https://s3.amazonaws.com/arbimon2/project_2770/detections/10555/10_45.png,1573671720000,,0.2836279542848759,22308
1850,168358778,MON_20191114_060000.p2.flac,Parque Urbano El Bosque,2019,11,Agelasticus thilius,Alternative Song,10.019410430839002,11.453242630385487,1205.859375,7235.15625,present,https://s3.amazonaws.com/arbimon2/project_2770/detections/10555/10_47.png,1573711260000,,0.285030071227543,22308
1851,168358779,MON_20191114_060000.p2.flac,Parque Urbano El Bosque,2019,11,Agelasticus thilius,Alternative Song,50.39891156462585,51.832743764172335,1205.859375,7235.15625,present,https://s3.amazonaws.com/arbimon2/project_2770/detections/10555/10_48.png,1573711260000,,0.2795795932899313,22308
1852,168358780,MON_20191114_060000.p2.flac,Parque Urbano El Bosque,2019,11,Agelasticus thilius,Alternative Song,43.77541950113379,45.20925170068027,1205.859375,7235.15625,present,https://s3.amazonaws.com/arbimon2/project_2770/detections/10555/10_49.png,1573711260000,,0.2736646359096756,22308
1853,168358781,MON_20191114_060000.p3.flac,Parque Urbano El Bosque,2019,11,Agelasticus thilius,Alternative Song,18.628208616780046,20.06204081632653,1205.859375,7235.15625,present,https://s3.amazonaws.com/arbimon2/project_2770/detections/10555/10_50.png,1573711320000,,0.3356928834269771,22308
1854,168358782,MON_20191114_060000.p3.flac,Parque Urbano El Bosque,2019,11,Agelasticus thilius,Alternative Song,53.48136054421769,54.91519274376417,1205.859375,7235.15625,present,https://s3.amazonaws.com/arbimon2/project_2770/detections/10555/10_51.png,1573711320000,,0.3242904168660186,22308
1855,168358783,MON_20191114_060000.p3.flac,Parque Urbano El Bosque,2019,11,Agelasticus thilius,Alternative Song,46.64308390022676,48.07691609977324,1205.859375,7235.15625,present,https://s3.amazonaws.com/arbimon2/project_2770/detections/10555/10_52.png,1573711320000,,0.3135463560607721,22308
1856,168358784,MON_20191114_060000.p1.flac,Parque Urbano El Bosque,2019,11,Agelasticus thilius,Alternative Song,40.85551020408163,42.28934240362812,1205.859375,7235.15625,present,https://s3.amazonaws.com/arbimon2/project_2770/detections/10555/10_53.png,1573711200000,,0.3188750335354682,22308
1857,168358785,MON_20191114_060000.p1.flac,Parque Urbano El Bosque,2019,11,Agelasticus thilius,Alternative Song,52.9124716553288,54.34630385487528,1205.859375,7235.15625,present,https://s3.amazonaws.com/arbimon2/project_2770/detections/10555/10_54.png,1573711200000,,0.3178384771565596,22308
1858,168358786,MON_20191114_060000.p1.flac,Parque Urbano El Bosque,2019,11,Agelasticus thilius,Alternative Song,18.55274376417233,19.98657596371882,1205.859375,7235.15625,present,https://s3.amazonaws.com/arbimon2/project_2770/detections/10555/10_55.png,1573711200000,,0.2984563294515859,22308
1859,168358787,MON_20191114_060000.p4.flac,Parque Urbano El Bosque,2019,11,Agelasticus thilius,Alternative Song,44.66938775510204,46.10321995464852,1205.859375,7235.15625,present,https://s3.amazonaws.com/arbimon2/project_2770/detections/10555/10_56.png,1573711380000,,0.3435382857036203,22308
1860,168358788,MON_20191114_060000.p4.flac,Parque Urbano El Bosque,2019,11,Agelasticus thilius,Alternative Song,7.198185941043084,8.632018140589569,1205.859375,7235.15625,present,https://s3.amazonaws.com/arbimon2/project_2770/detections/10555/10_57.png,1573711380000,,0.3155707066682441,22308
1861,168358789,MON_20191114_060000.p4.flac,Parque Urbano El Bosque,2019,11,Agelasticus thilius,Alternative Song,21.826757369614512,23.260589569161,1205.859375,7235.15625,present,https://s3.amazonaws.com/arbimon2/project_2770/detections/10555/10_58.png,1573711380000,,0.2957749655762123,22308
1862,168358790,MON_20191114_060000.p5.flac,Parque Urbano El Bosque,2019,11,Agelasticus thilius,Alternative Song,31.857777777777777,33.29160997732426,1205.859375,7235.15625,present,https://s3.amazonaws.com/arbimon2/project_2770/detections/10555/10_59.png,1573711440000,,0.279936576462889,22308
1863,168358800,MON_20191114_130000.p4.flac,Parque Urbano El Bosque,2019,11,Agelasticus thilius,Alternative Song,1.3235374149659864,2.757369614512472,1205.859375,7235.15625,present,https://s3.amazonaws.com/arbimon2/project_2770/detections/10555/10_69.png,1573736580000,,0.2732720038533491,22308
1864,168358802,MON_20191114_140000.p5.flac,Parque Urbano El Bosque,2019,11,Agelasticus thilius,Alternative Song,20.799274376417237,22.23310657596372,1205.859375,7235.15625,present,https://s3.amazonaws.com/arbimon2/project_2770/detections/10555/10_71.png,1573740240000,,0.3440018117322764,22308
1865,168358805,MON_20191114_180000.p3.flac,Parque Urbano El Bosque,2019,11,Agelasticus thilius,Alternative Song,57.213968253968254,58.64780045351474,1205.859375,7235.15625,present,https://s3.amazonaws.com/arbimon2/project_2770/detections/10555/10_74.png,1573754520000,,0.2849451108112357,22308
1866,168358816,MON_20191024_080000.p2.flac,Parque Urbano El Bosque,2019,10,Agelasticus thilius,Alternative Song,28.949478458049885,30.38331065759637,1205.859375,7235.15625,present,https://s3.amazonaws.com/arbimon2/project_2770/detections/10555/2_4.png,1571904060000,,0.26967747265522,22308
1867,168358817,MON_20191024_080000.p4.flac,Parque Urbano El Bosque,2019,10,Agelasticus thilius,Alternative Song,53.97478458049886,55.40861678004535,1205.859375,7235.15625,present,https://s3.amazonaws.com/arbimon2/project_2770/detections/10555/2_5.png,1571904180000,,0.3308414763968597,22308
1868,168358818,MON_20191024_080000.p4.flac,Parque Urbano El Bosque,2019,10,Agelasticus thilius,Alternative Song,35.53233560090703,36.96616780045351,1205.859375,7235.15625,present,https://s3.amazonaws.com/arbimon2/project_2770/detections/10555/2_6.png,1571904180000,,0.2706588139531997,22308
1869,168358819,MON_20191024_080000.p3.flac,Parque Urbano El Bosque,2019,10,Agelasticus thilius,Alternative Song,23.365079365079364,24.79891156462585,1205.859375,7235.15625,present,https://s3.amazonaws.com/arbimon2/project_2770/detections/10555/2_7.png,1571904120000,,0.3294213386150434,22308
1870,168358820,MON_20191024_080000.p3.flac,Parque Urbano El Bosque,2019,10,Agelasticus thilius,Alternative Song,34.411972789115644,35.84580498866213,1205.859375,7235.15625,present,https://s3.amazonaws.com/arbimon2/project_2770/detections/10555/2_8.png,1571904120000,,0.2520386148220107,22308
1871,168358821,MON_20191024_080000.p5.flac,Parque Urbano El Bosque,2019,10,Agelasticus thilius,Alternative Song,13.711383219954648,15.145215419501136,1205.859375,7235.15625,present,https://s3.amazonaws.com/arbimon2/project_2770/detections/10555/2_9.png,1571904240000,,0.3019169531577633,22308
1872,168358822,MON_20191024_110000.p2.flac,Parque Urbano El Bosque,2019,10,Agelasticus thilius,Alternative Song,50.38149659863946,51.81532879818594,1205.859375,7235.15625,present,https://s3.amazonaws.com/arbimon2/project_2770/detections/10555/2_10.png,1571914860000,,0.3541665746858622,22308
1873,168358823,MON_20191024_110000.p1.flac,Parque Urbano El Bosque,2019,10,Agelasticus thilius,Alternative Song,25.86702947845805,27.300861678004534,1205.859375,7235.15625,present,https://s3.amazonaws.com/arbimon2/project_2770/detections/10555/2_11.png,1571914800000,,0.2632167484792416,22308
1874,168358824,MON_20191024_110000.p1.flac,Parque Urbano El Bosque,2019,10,Agelasticus thilius,Alternative Song,9.51437641723356,10.948208616780043,1205.859375,7235.15625,present,https://s3.amazonaws.com/arbimon2/project_2770/detections/10555/2_12.png,1571914800000,,0.2456029499661862,22308
1875,168358825,MON_20191024_110000.p5.flac,Parque Urbano El Bosque,2019,10,Agelasticus thilius,Alternative Song,35.323356009070295,36.75718820861678,1205.859375,7235.15625,present,https://s3.amazonaws.com/arbimon2/project_2770/detections/10555/2_13.png,1571915040000,,0.2920289970335187,22308
1876,168358826,MON_20191024_110000.p3.flac,Parque Urbano El Bosque,2019,10,Agelasticus thilius,Alternative Song,6.135873015873016,7.569705215419501,1205.859375,7235.15625,present,https://s3.amazonaws.com/arbimon2/project_2770/detections/10555/2_14.png,1571914920000,,0.4008252494548055,22308
1877,168358827,MON_20191024_110000.p3.flac,Parque Urbano El Bosque,2019,10,Agelasticus thilius,Alternative Song,35.427845804988664,36.86167800453515,1205.859375,7235.15625,present,https://s3.amazonaws.com/arbimon2/project_2770/detections/10555/2_15.png,1571914920000,,0.2915221594021869,22308
1878,168358828,MON_20191024_110000.p3.flac,Parque Urbano El Bosque,2019,10,Agelasticus thilius,Alternative Song,24.28807256235828,25.721904761904764,1205.859375,7235.15625,present,https://s3.amazonaws.com/arbimon2/project_2770/detections/10555/2_16.png,1571914920000,,0.2595402462466129,22308
1879,168358830,MON_20191024_200000.p2.flac,Parque Urbano El Bosque,2019,10,Agelasticus thilius,Alternative Song,34.80671201814059,36.240544217687074,1205.859375,7235.15625,present,https://s3.amazonaws.com/arbimon2/project_2770/detections/10555/2_18.png,1571947260000,,0.3298081970188902,22308
1880,168358832,MON_20191024_200000.p5.flac,Parque Urbano El Bosque,2019,10,Agelasticus thilius,Alternative Song,52.84281179138322,54.276643990929706,1205.859375,7235.15625,present,https://s3.amazonaws.com/arbimon2/project_2770/detections/10555/2_20.png,1571947440000,,0.2555098763071879,22308
1881,168358835,MON_20191025_140000.p1.flac,Parque Urbano El Bosque,2019,10,Agelasticus thilius,Alternative Song,36.07219954648526,37.50603174603175,1205.859375,7235.15625,present,https://s3.amazonaws.com/arbimon2/project_2770/detections/10555/2_23.png,1572012000000,,0.3066242379451755,22308
1882,168358836,MON_20191025_140000.p1.flac,Parque Urbano El Bosque,2019,10,Agelasticus thilius,Alternative Song,45.33115646258504,46.76498866213152,1205.859375,7235.15625,present,https://s3.amazonaws.com/arbimon2/project_2770/detections/10555/2_24.png,1572012000000,,0.2588474416612319,22308
1883,168358848,MON_20191205_190000.p1.flac,Parque Urbano El Bosque,2019,12,Agelasticus thilius,Alternative Song,1.0971428571428572,2.5309750566893423,1205.859375,7235.15625,present,https://s3.amazonaws.com/arbimon2/project_2770/detections/10555/19_9.png,1575572400000,,0.3636082492346543,22308
1884,168358849,MON_20191205_190000.p3.flac,Parque Urbano El Bosque,2019,12,Agelasticus thilius,Alternative Song,26.81904761904762,28.252879818594103,1205.859375,7235.15625,present,https://s3.amazonaws.com/arbimon2/project_2770/detections/10555/19_10.png,1575572520000,,0.3084647296509988,22308
1885,168358852,MON_20191205_190000.p4.flac,Parque Urbano El Bosque,2019,12,Agelasticus thilius,Alternative Song,19.644081632653062,21.077913832199545,1205.859375,7235.15625,present,https://s3.amazonaws.com/arbimon2/project_2770/detections/10555/19_13.png,1575572580000,,0.2472061921320872,22308
1886,168358854,MON_20191205_190000.p5.flac,Parque Urbano El Bosque,2019,12,Agelasticus thilius,Alternative Song,38.42902494331066,39.862857142857145,1205.859375,7235.15625,present,https://s3.amazonaws.com/arbimon2/project_2770/detections/10555/19_15.png,1575572640000,,0.3025649549861813,22308
1887,168358889,MON_20191120_120000.p1.flac,Parque Urbano El Bosque,2019,11,Agelasticus thilius,Alternative Song,5.358004535147392,6.791836734693877,1205.859375,7235.15625,present,https://s3.amazonaws.com/arbimon2/project_2770/detections/10555/13_0.png,1574251200000,,0.3064250532861245,22308
1888,168358890,MON_20191120_120000.p1.flac,Parque Urbano El Bosque,2019,11,Agelasticus thilius,Alternative Song,22.77877551020408,24.212607709750568,1205.859375,7235.15625,present,https://s3.amazonaws.com/arbimon2/project_2770/detections/10555/13_1.png,1574251200000,,0.2945317538973597,22308
1889,168358891,MON_20191120_120000.p3.flac,Parque Urbano El Bosque,2019,11,Agelasticus thilius,Alternative Song,26.33142857142857,27.765260770975058,1205.859375,7235.15625,present,https://s3.amazonaws.com/arbimon2/project_2770/detections/10555/13_2.png,1574251320000,,0.2433548454176465,22308
1890,168358892,MON_20191120_120000.p5.flac,Parque Urbano El Bosque,2019,11,Agelasticus thilius,Alternative Song,55.00807256235828,56.44190476190476,1205.859375,7235.15625,present,https://s3.amazonaws.com/arbimon2/project_2770/detections/10555/13_3.png,1574251440000,,0.2514196176352431,22308
1891,168358894,MON_20191120_130000.p2.flac,Parque Urbano El Bosque,2019,11,Agelasticus thilius,Alternative Song,7.714829931972789,9.148662131519274,1205.859375,7235.15625,present,https://s3.amazonaws.com/arbimon2/project_2770/detections/10555/13_5.png,1574254860000,,0.2913543230396921,22308
1892,168358895,MON_20191120_130000.p5.flac,Parque Urbano El Bosque,2019,11,Agelasticus thilius,Alternative Song,57.95700680272109,59.390839002267576,1205.859375,7235.15625,present,https://s3.amazonaws.com/arbimon2/project_2770/detections/10555/13_6.png,1574255040000,,0.3347893515185742,22308
1893,168358901,MON_20191120_180000.p2.flac,Parque Urbano El Bosque,2019,11,Agelasticus thilius,Alternative Song,31.701043083900228,33.13487528344671,1205.859375,7235.15625,present,https://s3.amazonaws.com/arbimon2/project_2770/detections/10555/13_12.png,1574272860000,,0.2582116908115563,22308
1894,168358904,MON_20191120_190000.p4.flac,Parque Urbano El Bosque,2019,11,Agelasticus thilius,Alternative Song,47.87954648526077,49.313378684807255,1205.859375,7235.15625,present,https://s3.amazonaws.com/arbimon2/project_2770/detections/10555/13_15.png,1574276580000,,0.2797700358834298,22308
1895,168358905,MON_20191120_190000.p4.flac,Parque Urbano El Bosque,2019,11,Agelasticus thilius,Alternative Song,14.75628117913832,16.190113378684806,1205.859375,7235.15625,present,https://s3.amazonaws.com/arbimon2/project_2770/detections/10555/13_16.png,1574276580000,,0.270222668614184,22308
1896,168358906,MON_20191120_190000.p4.flac,Parque Urbano El Bosque,2019,11,Agelasticus thilius,Alternative Song,31.66621315192744,33.10004535147392,1205.859375,7235.15625,present,https://s3.amazonaws.com/arbimon2/project_2770/detections/10555/13_17.png,1574276580000,,0.2628664708785317,22308
1897,168358907,MON_20191120_190000.p1.flac,Parque Urbano El Bosque,2019,11,Agelasticus thilius,Alternative Song,39.29977324263039,40.73360544217688,1205.859375,7235.15625,present,https://s3.amazonaws.com/arbimon2/project_2770/detections/10555/13_18.png,1574276400000,,0.312830940796759,22308
1898,168358908,MON_20191120_190000.p1.flac,Parque Urbano El Bosque,2019,11,Agelasticus thilius,Alternative Song,10.727619047619047,12.161451247165532,1205.859375,7235.15625,present,https://s3.amazonaws.com/arbimon2/project_2770/detections/10555/13_19.png,1574276400000,,0.2879317078247209,22308
1899,168358909,MON_20191120_190000.p5.flac,Parque Urbano El Bosque,2019,11,Agelasticus thilius,Alternative Song,7.366530612244898,8.800362811791382,1205.859375,7235.15625,present,https://s3.amazonaws.com/arbimon2/project_2770/detections/10555/13_20.png,1574276640000,,0.3270556872394953,22308
1900,168358910,MON_20191120_200000.p1.flac,Parque Urbano El Bosque,2019,11,Agelasticus thilius,Alternative Song,14.86077097505669,16.294603174603175,1205.859375,7235.15625,present,https://s3.amazonaws.com/arbimon2/project_2770/detections/10555/13_21.png,1574280000000,,0.3307869296730561,22308
1901,168358913,MON_20191120_200000.p2.flac,Parque Urbano El Bosque,2019,11,Agelasticus thilius,Alternative Song,24.131337868480724,25.56517006802721,1205.859375,7235.15625,present,https://s3.amazonaws.com/arbimon2/project_2770/detections/10555/13_24.png,1574280060000,,0.2972676948275634,22308
1902,168358916,MON_20191121_060000.p1.flac,Parque Urbano El Bosque,2019,11,Agelasticus thilius,Alternative Song,46.509569160997735,47.943401360544215,1205.859375,7235.15625,present,https://s3.amazonaws.com/arbimon2/project_2770/detections/10555/13_27.png,1574316000000,,0.2433433798594289,22308
1903,168358917,MON_20191121_060000.p2.flac,Parque Urbano El Bosque,2019,11,Agelasticus thilius,Alternative Song,5.2128798185941045,6.646712018140589,1205.859375,7235.15625,present,https://s3.amazonaws.com/arbimon2/project_2770/detections/10555/13_28.png,1574316060000,,0.3206111778256454,22308
1904,168358919,MON_20191121_060000.p4.flac,Parque Urbano El Bosque,2019,11,Agelasticus thilius,Alternative Song,53.61487528344672,55.0487074829932,1205.859375,7235.15625,present,https://s3.amazonaws.com/arbimon2/project_2770/detections/10555/13_30.png,1574316180000,,0.270140043772664,22308
1905,168358921,MON_20191121_080000.p4.flac,Parque Urbano El Bosque,2019,11,Agelasticus thilius,Alternative Song,53.78321995464852,55.21705215419501,1205.859375,7235.15625,present,https://s3.amazonaws.com/arbimon2/project_2770/detections/10555/13_32.png,1574323380000,,0.2554727053716507,22308
1906,168358931,MON_20191121_180000.p4.flac,Parque Urbano El Bosque,2019,11,Agelasticus thilius,Alternative Song,42.190657596371885,43.624489795918365,1205.859375,7235.15625,present,https://s3.amazonaws.com/arbimon2/project_2770/detections/10555/13_42.png,1574359380000,,0.2523930807757554,22308
1907,168358933,MON_20191121_200000.p1.flac,Parque Urbano El Bosque,2019,11,Agelasticus thilius,Alternative Song,9.096417233560093,10.530249433106576,1205.859375,7235.15625,present,https://s3.amazonaws.com/arbimon2/project_2770/detections/10555/13_44.png,1574366400000,,0.41551854686332,22308
1908,168358934,MON_20191121_200000.p1.flac,Parque Urbano El Bosque,2019,11,Agelasticus thilius,Alternative Song,28.96108843537415,30.394920634920634,1205.859375,7235.15625,present,https://s3.amazonaws.com/arbimon2/project_2770/detections/10555/13_45.png,1574366400000,,0.3381275521238026,22308
1909,168358935,MON_20191121_200000.p1.flac,Parque Urbano El Bosque,2019,11,Agelasticus thilius,Alternative Song,50.12607709750567,51.55990929705215,1205.859375,7235.15625,present,https://s3.amazonaws.com/arbimon2/project_2770/detections/10555/13_46.png,1574366400000,,0.2478886558462276,22308
1910,168358936,MON_20191121_200000.p3.flac,Parque Urbano El Bosque,2019,11,Agelasticus thilius,Alternative Song,7.441995464852607,8.875827664399093,1205.859375,7235.15625,present,https://s3.amazonaws.com/arbimon2/project_2770/detections/10555/13_47.png,1574366520000,,0.400937853137671,22308
1911,168358937,MON_20191121_200000.p3.flac,Parque Urbano El Bosque,2019,11,Agelasticus thilius,Alternative Song,34.96344671201814,36.39727891156463,1205.859375,7235.15625,present,https://s3.amazonaws.com/arbimon2/project_2770/detections/10555/13_48.png,1574366520000,,0.2622486067581713,22308
1912,168358940,MON_20191121_200000.p5.flac,Parque Urbano El Bosque,2019,11,Agelasticus thilius,Alternative Song,38.85278911564626,40.28662131519275,1205.859375,7235.15625,present,https://s3.amazonaws.com/arbimon2/project_2770/detections/10555/13_51.png,1574366640000,,0.393187611552109,22308
1913,168358945,MON_20191122_060000.p1.flac,Parque Urbano El Bosque,2019,11,Agelasticus thilius,Alternative Song,57.1675283446712,58.60136054421768,1205.859375,7235.15625,present,https://s3.amazonaws.com/arbimon2/project_2770/detections/10555/13_56.png,1574402400000,,0.3181636960119534,22308
1914,168358946,MON_20191122_060000.p1.flac,Parque Urbano El Bosque,2019,11,Agelasticus thilius,Alternative Song,25.46068027210884,26.89451247165533,1205.859375,7235.15625,present,https://s3.amazonaws.com/arbimon2/project_2770/detections/10555/13_57.png,1574402400000,,0.2862601473783158,22308
1915,168358947,MON_20191122_070000.p1.flac,Parque Urbano El Bosque,2019,11,Agelasticus thilius,Alternative Song,20.38712018140589,21.82095238095238,1205.859375,7235.15625,present,https://s3.amazonaws.com/arbimon2/project_2770/detections/10555/13_58.png,1574406000000,,0.312967919862846,22308
1916,168358957,MON_20191122_140000.p2.flac,Parque Urbano El Bosque,2019,11,Agelasticus thilius,Alternative Song,17.519455782312924,18.95328798185941,1205.859375,7235.15625,present,https://s3.amazonaws.com/arbimon2/project_2770/detections/10555/13_68.png,1574431260000,,0.2827511913255789,22308
1917,168358961,MON_20191122_150000.p2.flac,Parque Urbano El Bosque,2019,11,Agelasticus thilius,Alternative Song,31.65460317460317,33.08843537414966,1205.859375,7235.15625,present,https://s3.amazonaws.com/arbimon2/project_2770/detections/10555/13_72.png,1574434860000,,0.3044185605966749,22308
1918,168358962,MON_20191122_150000.p2.flac,Parque Urbano El Bosque,2019,11,Agelasticus thilius,Alternative Song,7.877369614512472,9.311201814058958,1205.859375,7235.15625,present,https://s3.amazonaws.com/arbimon2/project_2770/detections/10555/13_73.png,1574434860000,,0.2502191359647725,22308
1919,168358965,MON_20191122_160000.p3.flac,Parque Urbano El Bosque,2019,11,Agelasticus thilius,Alternative Song,40.321451247165534,41.75528344671202,1205.859375,7235.15625,present,https://s3.amazonaws.com/arbimon2/project_2770/detections/10555/13_76.png,1574438520000,,0.3187576201317468,22308
1920,168358967,MON_20191122_180000.p1.flac,Parque Urbano El Bosque,2019,11,Agelasticus thilius,Alternative Song,42.73052154195011,44.1643537414966,1205.859375,7235.15625,present,https://s3.amazonaws.com/arbimon2/project_2770/detections/10555/13_78.png,1574445600000,,0.2721412160214312,22308
1921,168358971,MON_20191103_060000.p1.flac,Parque Urbano El Bosque,2019,11,Agelasticus thilius,Alternative Song,26.679727891156464,28.113560090702947,1205.859375,7235.15625,present,https://s3.amazonaws.com/arbimon2/project_2770/detections/10555/6_1.png,1572760800000,,0.2790430089265766,22308
1922,168358973,MON_20191103_060000.p3.flac,Parque Urbano El Bosque,2019,11,Agelasticus thilius,Alternative Song,1.967891156462585,3.4017233560090703,1205.859375,7235.15625,present,https://s3.amazonaws.com/arbimon2/project_2770/detections/10555/6_3.png,1572760920000,,0.2676779080777429,22308
1923,168358976,MON_20191103_060000.p4.flac,Parque Urbano El Bosque,2019,11,Agelasticus thilius,Alternative Song,22.349206349206348,23.783038548752835,1205.859375,7235.15625,present,https://s3.amazonaws.com/arbimon2/project_2770/detections/10555/6_6.png,1572760980000,,0.3313805460322828,22308
1924,168358979,MON_20191103_070000.p4.flac,Parque Urbano El Bosque,2019,11,Agelasticus thilius,Alternative Song,7.935419501133786,9.369251700680271,1205.859375,7235.15625,present,https://s3.amazonaws.com/arbimon2/project_2770/detections/10555/6_9.png,1572764580000,,0.2741572832101444,22308
1925,168358981,MON_20191103_140000.p2.flac,Parque Urbano El Bosque,2019,11,Agelasticus thilius,Alternative Song,39.48553287981859,40.91936507936508,1205.859375,7235.15625,present,https://s3.amazonaws.com/arbimon2/project_2770/detections/10555/6_11.png,1572789660000,,0.2522969274167886,22308
1926,168358989,MON_20191105_060000.p2.flac,Parque Urbano El Bosque,2019,11,Agelasticus thilius,Alternative Song,55.838185941043086,57.272018140589566,1205.859375,7235.15625,present,https://s3.amazonaws.com/arbimon2/project_2770/detections/10555/6_19.png,1572933660000,,0.2857181516594418,22308
1927,168358990,MON_20191105_060000.p2.flac,Parque Urbano El Bosque,2019,11,Agelasticus thilius,Alternative Song,14.889795918367346,16.32362811791383,1205.859375,7235.15625,present,https://s3.amazonaws.com/arbimon2/project_2770/detections/10555/6_20.png,1572933660000,,0.2756538044254818,22308
1928,168358992,MON_20191105_060000.p3.flac,Parque Urbano El Bosque,2019,11,Agelasticus thilius,Alternative Song,2.815419501133787,4.249251700680272,1205.859375,7235.15625,present,https://s3.amazonaws.com/arbimon2/project_2770/detections/10555/6_22.png,1572933720000,,0.2703070548992756,22308
1929,168358995,MON_20191105_060000.p1.flac,Parque Urbano El Bosque,2019,11,Agelasticus thilius,Alternative Song,37.58730158730159,39.02113378684808,1205.859375,7235.15625,present,https://s3.amazonaws.com/arbimon2/project_2770/detections/10555/6_25.png,1572933600000,,0.2627675437181809,22308
1930,168359000,MON_20191105_060000.p4.flac,Parque Urbano El Bosque,2019,11,Agelasticus thilius,Alternative Song,26.343038548752837,27.77687074829932,1205.859375,7235.15625,present,https://s3.amazonaws.com/arbimon2/project_2770/detections/10555/6_30.png,1572933780000,,0.2520861826111203,22308
1931,168359004,MON_20191105_110000.p1.flac,Parque Urbano El Bosque,2019,11,Agelasticus thilius,Alternative Song,51.55990929705215,52.99374149659864,1205.859375,7235.15625,present,https://s3.amazonaws.com/arbimon2/project_2770/detections/10555/6_34.png,1572951600000,,0.249258831522382,22308
1932,168359008,MON_20191105_110000.p2.flac,Parque Urbano El Bosque,2019,11,Agelasticus thilius,Alternative Song,38.35356009070295,39.78739229024944,1205.859375,7235.15625,present,https://s3.amazonaws.com/arbimon2/project_2770/detections/10555/6_38.png,1572951660000,,0.2596570666528908,22308
1933,168359011,MON_20191218_180000.p3.flac,Parque Urbano El Bosque,2019,12,Agelasticus thilius,Alternative Song,6.931156462585034,8.36498866213152,1205.859375,7235.15625,present,https://s3.amazonaws.com/arbimon2/project_2770/detections/10555/24_0.png,1576692120000,,0.2865636436868882,22308
1934,168359022,MON_20191218_210000.p2.flac,Parque Urbano El Bosque,2019,12,Agelasticus thilius,Alternative Song,39.3578231292517,40.791655328798186,1205.859375,7235.15625,present,https://s3.amazonaws.com/arbimon2/project_2770/detections/10555/24_11.png,1576702860000,,0.3263676145319304,22308
1935,168359023,MON_20191218_210000.p2.flac,Parque Urbano El Bosque,2019,12,Agelasticus thilius,Alternative Song,18.26829931972789,19.702131519274374,1205.859375,7235.15625,present,https://s3.amazonaws.com/arbimon2/project_2770/detections/10555/24_12.png,1576702860000,,0.2883141681830374,22308
1936,168359024,MON_20191218_210000.p3.flac,Parque Urbano El Bosque,2019,12,Agelasticus thilius,Alternative Song,9.508571428571427,10.942403628117914,1205.859375,7235.15625,present,https://s3.amazonaws.com/arbimon2/project_2770/detections/10555/24_13.png,1576702920000,,0.3424739433968857,22308
1937,168359025,MON_20191218_210000.p3.flac,Parque Urbano El Bosque,2019,12,Agelasticus thilius,Alternative Song,32.74013605442177,34.173968253968255,1205.859375,7235.15625,present,https://s3.amazonaws.com/arbimon2/project_2770/detections/10555/24_14.png,1576702920000,,0.3245026329199655,22308
1938,168359026,MON_20191218_210000.p3.flac,Parque Urbano El Bosque,2019,12,Agelasticus thilius,Alternative Song,46.26575963718821,47.6995918367347,1205.859375,7235.15625,present,https://s3.amazonaws.com/arbimon2/project_2770/detections/10555/24_15.png,1576702920000,,0.2786086883876728,22308
1939,168359027,MON_20191219_070000.p1.flac,Parque Urbano El Bosque,2019,12,Agelasticus thilius,Alternative Song,16.65451247165533,18.088344671201813,1205.859375,7235.15625,present,https://s3.amazonaws.com/arbimon2/project_2770/detections/10555/24_16.png,1576738800000,,0.257898948721852,22308
1940,168359030,MON_20191219_080000.p5.flac,Parque Urbano El Bosque,2019,12,Agelasticus thilius,Alternative Song,8.997732426303855,10.43156462585034,1205.859375,7235.15625,present,https://s3.amazonaws.com/arbimon2/project_2770/detections/10555/24_19.png,1576742640000,,0.3566020101974884,22308
1941,168359031,MON_20191219_100000.p3.flac,Parque Urbano El Bosque,2019,12,Agelasticus thilius,Alternative Song,35.60780045351474,37.04163265306122,1205.859375,7235.15625,present,https://s3.amazonaws.com/arbimon2/project_2770/detections/10555/24_20.png,1576749720000,,0.2785965045783004,22308
1942,168359058,MON_20200115_210000.p1.flac,Parque Urbano El Bosque,2020,1,Agelasticus thilius,Alternative Song,32.670476190476194,34.10430839002267,1205.859375,7235.15625,present,https://s3.amazonaws.com/arbimon2/project_2770/detections/10555/35_4.png,1579122000000,,0.2877199690473995,22308
1943,168359067,MON_20191130_130000.p3.flac,Parque Urbano El Bosque,2019,11,Agelasticus thilius,Alternative Song,10.570884353741496,12.004716553287984,1205.859375,7235.15625,present,https://s3.amazonaws.com/arbimon2/project_2770/detections/10555/17_1.png,1575118920000,,0.2946482669936295,22308
1944,168359069,MON_20191130_140000.p4.flac,Parque Urbano El Bosque,2019,11,Agelasticus thilius,Alternative Song,57.69578231292517,59.129614512471655,1205.859375,7235.15625,present,https://s3.amazonaws.com/arbimon2/project_2770/detections/10555/17_3.png,1575122580000,,0.3796793271648578,22308
1945,168359070,MON_20191130_140000.p4.flac,Parque Urbano El Bosque,2019,11,Agelasticus thilius,Alternative Song,15.946303854875284,17.38013605442177,1205.859375,7235.15625,present,https://s3.amazonaws.com/arbimon2/project_2770/detections/10555/17_4.png,1575122580000,,0.3177273465041043,22308
1946,168359071,MON_20191130_150000.p2.flac,Parque Urbano El Bosque,2019,11,Agelasticus thilius,Alternative Song,26.50557823129252,27.939410430839,1205.859375,7235.15625,present,https://s3.amazonaws.com/arbimon2/project_2770/detections/10555/17_5.png,1575126060000,,0.2957080524491749,22308
1947,168359074,MON_20191130_150000.p5.flac,Parque Urbano El Bosque,2019,11,Agelasticus thilius,Alternative Song,13.856507936507937,15.290340136054422,1205.859375,7235.15625,present,https://s3.amazonaws.com/arbimon2/project_2770/detections/10555/17_8.png,1575126240000,,0.2831455994082656,22308
1948,168359075,MON_20191130_150000.p5.flac,Parque Urbano El Bosque,2019,11,Agelasticus thilius,Alternative Song,49.32498866213152,50.758820861678,1205.859375,7235.15625,present,https://s3.amazonaws.com/arbimon2/project_2770/detections/10555/17_9.png,1575126240000,,0.2680990097083238,22308
1949,168359078,MON_20191130_160000.p2.flac,Parque Urbano El Bosque,2019,11,Agelasticus thilius,Alternative Song,11.795736961451247,13.229569160997732,1205.859375,7235.15625,present,https://s3.amazonaws.com/arbimon2/project_2770/detections/10555/17_12.png,1575129660000,,0.3386420194076598,22308
1950,168359079,MON_20191130_160000.p2.flac,Parque Urbano El Bosque,2019,11,Agelasticus thilius,Alternative Song,52.453877551020405,53.88770975056689,1205.859375,7235.15625,present,https://s3.amazonaws.com/arbimon2/project_2770/detections/10555/17_13.png,1575129660000,,0.3158551769796066,22308
1951,168359080,MON_20191130_170000.p1.flac,Parque Urbano El Bosque,2019,11,Agelasticus thilius,Alternative Song,1.5789569160997732,3.0127891156462585,1205.859375,7235.15625,present,https://s3.amazonaws.com/arbimon2/project_2770/detections/10555/17_14.png,1575133200000,,0.2761987311463009,22308
1952,168359082,MON_20191130_180000.p1.flac,Parque Urbano El Bosque,2019,11,Agelasticus thilius,Alternative Song,43.78702947845805,45.22086167800453,1205.859375,7235.15625,present,https://s3.amazonaws.com/arbimon2/project_2770/detections/10555/17_16.png,1575136800000,,0.3087685111413688,22308
1953,168359085,MON_20191130_180000.p3.flac,Parque Urbano El Bosque,2019,11,Agelasticus thilius,Alternative Song,47.33387755102041,48.767709750566894,1205.859375,7235.15625,present,https://s3.amazonaws.com/arbimon2/project_2770/detections/10555/17_19.png,1575136920000,,0.2840080415032581,22308
1954,168359087,MON_20191130_190000.p5.flac,Parque Urbano El Bosque,2019,11,Agelasticus thilius,Alternative Song,31.927437641723355,33.36126984126984,1205.859375,7235.15625,present,https://s3.amazonaws.com/arbimon2/project_2770/detections/10555/17_21.png,1575140640000,,0.3097654802291544,22308
1955,168359089,MON_20191130_190000.p4.flac,Parque Urbano El Bosque,2019,11,Agelasticus thilius,Alternative Song,28.42702947845805,29.860861678004536,1205.859375,7235.15625,present,https://s3.amazonaws.com/arbimon2/project_2770/detections/10555/17_23.png,1575140580000,,0.2518044353222841,22308
1956,168359092,MON_20191130_200000.p2.flac,Parque Urbano El Bosque,2019,11,Agelasticus thilius,Alternative Song,33.57605442176871,35.00988662131519,1205.859375,7235.15625,present,https://s3.amazonaws.com/arbimon2/project_2770/detections/10555/17_26.png,1575144060000,,0.2482080349379843,22308
1957,168359093,MON_20191130_200000.p1.flac,Parque Urbano El Bosque,2019,11,Agelasticus thilius,Alternative Song,36.22312925170068,37.65696145124716,1205.859375,7235.15625,present,https://s3.amazonaws.com/arbimon2/project_2770/detections/10555/17_27.png,1575144000000,,0.3986681134666707,22308
1958,168359101,MON_20191201_180000.p5.flac,Parque Urbano El Bosque,2019,12,Agelasticus thilius,Alternative Song,47.76925170068027,49.20308390022676,1205.859375,7235.15625,present,https://s3.amazonaws.com/arbimon2/project_2770/detections/10555/17_35.png,1575223440000,,0.2837823004172791,22308
1959,168359105,MON_20191201_190000.p2.flac,Parque Urbano El Bosque,2019,12,Agelasticus thilius,Alternative Song,34.40616780045352,35.84,1205.859375,7235.15625,present,https://s3.amazonaws.com/arbimon2/project_2770/detections/10555/17_39.png,1575226860000,,0.2463849403957449,22308
1960,168359112,MON_20191202_060000.p1.flac,Parque Urbano El Bosque,2019,12,Agelasticus thilius,Alternative Song,50.82848072562359,52.26231292517007,1205.859375,7235.15625,present,https://s3.amazonaws.com/arbimon2/project_2770/detections/10555/17_46.png,1575266400000,,0.2872103770270219,22308
1961,168359113,MON_20191202_060000.p1.flac,Parque Urbano El Bosque,2019,12,Agelasticus thilius,Alternative Song,9.386666666666668,10.820498866213152,1205.859375,7235.15625,present,https://s3.amazonaws.com/arbimon2/project_2770/detections/10555/17_47.png,1575266400000,,0.2493673580654187,22308
1962,168359117,MON_20191202_060000.p4.flac,Parque Urbano El Bosque,2019,12,Agelasticus thilius,Alternative Song,55.18222222222222,56.61605442176871,1205.859375,7235.15625,present,https://s3.amazonaws.com/arbimon2/project_2770/detections/10555/17_51.png,1575266580000,,0.2823375966030358,22308
1963,168359120,MON_20191202_070000.p2.flac,Parque Urbano El Bosque,2019,12,Agelasticus thilius,Alternative Song,30.139501133786847,31.57333333333333,1205.859375,7235.15625,present,https://s3.amazonaws.com/arbimon2/project_2770/detections/10555/17_54.png,1575270060000,,0.3227276280891567,22308
1964,168359124,MON_20191202_080000.p5.flac,Parque Urbano El Bosque,2019,12,Agelasticus thilius,Alternative Song,56.099410430839,57.53324263038549,1205.859375,7235.15625,present,https://s3.amazonaws.com/arbimon2/project_2770/detections/10555/17_58.png,1575273840000,,0.2663830616844902,22308
1965,168359127,MON_20191202_090000.p1.flac,Parque Urbano El Bosque,2019,12,Agelasticus thilius,Alternative Song,55.52471655328798,56.95854875283447,1205.859375,7235.15625,present,https://s3.amazonaws.com/arbimon2/project_2770/detections/10555/17_61.png,1575277200000,,0.3268141453136491,22308
1966,168359130,MON_20191202_090000.p2.flac,Parque Urbano El Bosque,2019,12,Agelasticus thilius,Alternative Song,57.19655328798186,58.63038548752834,1205.859375,7235.15625,present,https://s3.amazonaws.com/arbimon2/project_2770/detections/10555/17_64.png,1575277260000,,0.3327006111121439,22308
1967,168359131,MON_20191202_090000.p2.flac,Parque Urbano El Bosque,2019,12,Agelasticus thilius,Alternative Song,10.832108843537416,12.2659410430839,1205.859375,7235.15625,present,https://s3.amazonaws.com/arbimon2/project_2770/detections/10555/17_65.png,1575277260000,,0.2471937936472268,22308
1968,168359135,MON_20191202_110000.p2.flac,Parque Urbano El Bosque,2019,12,Agelasticus thilius,Alternative Song,27.35310657596372,28.786938775510205,1205.859375,7235.15625,present,https://s3.amazonaws.com/arbimon2/project_2770/detections/10555/17_69.png,1575284460000,,0.332220442974469,22308
1969,168359136,MON_20191202_110000.p5.flac,Parque Urbano El Bosque,2019,12,Agelasticus thilius,Alternative Song,9.137052154195011,10.570884353741496,1205.859375,7235.15625,present,https://s3.amazonaws.com/arbimon2/project_2770/detections/10555/17_70.png,1575284640000,,0.3248743798010357,22308
1970,168359137,MON_20191202_110000.p5.flac,Parque Urbano El Bosque,2019,12,Agelasticus thilius,Alternative Song,15.528344671201816,16.962176870748298,1205.859375,7235.15625,present,https://s3.amazonaws.com/arbimon2/project_2770/detections/10555/17_71.png,1575284640000,,0.2994360158603107,22308
1971,168359140,MON_20191202_140000.p3.flac,Parque Urbano El Bosque,2019,12,Agelasticus thilius,Alternative Song,41.76689342403628,43.20072562358277,1205.859375,7235.15625,present,https://s3.amazonaws.com/arbimon2/project_2770/detections/10555/17_74.png,1575295320000,,0.2817182368066253,22308
1972,168359147,MON_20191202_170000.p1.flac,Parque Urbano El Bosque,2019,12,Agelasticus thilius,Alternative Song,12.788390022675737,14.22222222222222,1205.859375,7235.15625,present,https://s3.amazonaws.com/arbimon2/project_2770/detections/10555/17_81.png,1575306000000,,0.3920922733426821,22308
1973,168359148,MON_20191202_170000.p1.flac,Parque Urbano El Bosque,2019,12,Agelasticus thilius,Alternative Song,51.04326530612245,52.47709750566894,1205.859375,7235.15625,present,https://s3.amazonaws.com/arbimon2/project_2770/detections/10555/17_82.png,1575306000000,,0.246298032768908,22308
1974,168359149,MON_20191202_170000.p3.flac,Parque Urbano El Bosque,2019,12,Agelasticus thilius,Alternative Song,17.345306122448978,18.779138321995465,1205.859375,7235.15625,present,https://s3.amazonaws.com/arbimon2/project_2770/detections/10555/17_83.png,1575306120000,,0.2911492432578206,22308
1975,168359150,MON_20191202_170000.p4.flac,Parque Urbano El Bosque,2019,12,Agelasticus thilius,Alternative Song,45.70848072562358,47.14231292517007,1205.859375,7235.15625,present,https://s3.amazonaws.com/arbimon2/project_2770/detections/10555/17_84.png,1575306180000,,0.3676125591558246,22308
1976,168359152,MON_20191202_200000.p3.flac,Parque Urbano El Bosque,2019,12,Agelasticus thilius,Alternative Song,26.5578231292517,27.991655328798185,1205.859375,7235.15625,present,https://s3.amazonaws.com/arbimon2/project_2770/detections/10555/17_86.png,1575316920000,,0.2477653912135839,22308
1977,168359163,MON_20191211_110000.p2.flac,Parque Urbano El Bosque,2019,12,Agelasticus thilius,Alternative Song,28.03809523809524,29.471927437641725,1205.859375,7235.15625,present,https://s3.amazonaws.com/arbimon2/project_2770/detections/10555/21_8.png,1576062060000,,0.3004249204184203,22308
1978,168359166,MON_20191211_210000.p3.flac,Parque Urbano El Bosque,2019,12,Agelasticus thilius,Alternative Song,0.1799546485260771,1.6137868480725623,1205.859375,7235.15625,present,https://s3.amazonaws.com/arbimon2/project_2770/detections/10555/21_11.png,1576098120000,,0.3326185293795681,22308
1979,168359170,MON_20191212_100000.p4.flac,Parque Urbano El Bosque,2019,12,Agelasticus thilius,Alternative Song,7.523265306122449,8.957097505668933,1205.859375,7235.15625,present,https://s3.amazonaws.com/arbimon2/project_2770/detections/10555/21_15.png,1576144980000,,0.3541840582552334,22308
1980,168359182,MON_20191125_120000.p4.flac,Parque Urbano El Bosque,2019,11,Agelasticus thilius,Alternative Song,37.52344671201814,38.95727891156463,1205.859375,7235.15625,present,https://s3.amazonaws.com/arbimon2/project_2770/detections/10555/15_0.png,1574683380000,,0.3137562191262804,22308
1981,168359183,MON_20191125_120000.p5.flac,Parque Urbano El Bosque,2019,11,Agelasticus thilius,Alternative Song,11.186213151927438,12.620045351473925,1205.859375,7235.15625,present,https://s3.amazonaws.com/arbimon2/project_2770/detections/10555/15_1.png,1574683440000,,0.2499159451389405,22308
1982,168359184,MON_20191125_150000.p1.flac,Parque Urbano El Bosque,2019,11,Agelasticus thilius,Alternative Song,57.83510204081632,59.26893424036281,1205.859375,7235.15625,present,https://s3.amazonaws.com/arbimon2/project_2770/detections/10555/15_2.png,1574694000000,,0.4185576809318676,22308
1983,168359187,MON_20191125_160000.p2.flac,Parque Urbano El Bosque,2019,11,Agelasticus thilius,Alternative Song,23.46956916099773,24.90340136054422,1205.859375,7235.15625,present,https://s3.amazonaws.com/arbimon2/project_2770/detections/10555/15_5.png,1574697660000,,0.2861385889662562,22308
1984,168359188,MON_20191125_160000.p3.flac,Parque Urbano El Bosque,2019,11,Agelasticus thilius,Alternative Song,3.842902494331066,5.276734693877551,1205.859375,7235.15625,present,https://s3.amazonaws.com/arbimon2/project_2770/detections/10555/15_6.png,1574697720000,,0.2967434371228132,22308
1985,168359189,MON_20191125_160000.p3.flac,Parque Urbano El Bosque,2019,11,Agelasticus thilius,Alternative Song,25.019501133786846,26.453333333333333,1205.859375,7235.15625,present,https://s3.amazonaws.com/arbimon2/project_2770/detections/10555/15_7.png,1574697720000,,0.2673794548582066,22308
1986,168359190,MON_20191125_170000.p2.flac,Parque Urbano El Bosque,2019,11,Agelasticus thilius,Alternative Song,55.71047619047619,57.14430839002267,1205.859375,7235.15625,present,https://s3.amazonaws.com/arbimon2/project_2770/detections/10555/15_8.png,1574701260000,,0.2573955581413967,22308
1987,168359191,MON_20191125_170000.p2.flac,Parque Urbano El Bosque,2019,11,Agelasticus thilius,Alternative Song,13.479183673469388,14.913015873015873,1205.859375,7235.15625,present,https://s3.amazonaws.com/arbimon2/project_2770/detections/10555/15_9.png,1574701260000,,0.2548981545860529,22308
1988,168359195,MON_20191125_180000.p4.flac,Parque Urbano El Bosque,2019,11,Agelasticus thilius,Alternative Song,19.940136054421767,21.37396825396825,1205.859375,7235.15625,present,https://s3.amazonaws.com/arbimon2/project_2770/detections/10555/15_13.png,1574704980000,,0.3485084606742725,22308
1989,168359197,MON_20191125_200000.p1.flac,Parque Urbano El Bosque,2019,11,Agelasticus thilius,Alternative Song,28.42122448979592,29.855056689342405,1205.859375,7235.15625,present,https://s3.amazonaws.com/arbimon2/project_2770/detections/10555/15_15.png,1574712000000,,0.4141635792675497,22308
1990,168359198,MON_20191125_200000.p1.flac,Parque Urbano El Bosque,2019,11,Agelasticus thilius,Alternative Song,11.830566893424036,13.26439909297052,1205.859375,7235.15625,present,https://s3.amazonaws.com/arbimon2/project_2770/detections/10555/15_16.png,1574712000000,,0.3720060602383181,22308
1991,168359199,MON_20191125_200000.p1.flac,Parque Urbano El Bosque,2019,11,Agelasticus thilius,Alternative Song,56.98757369614513,58.42140589569161,1205.859375,7235.15625,present,https://s3.amazonaws.com/arbimon2/project_2770/detections/10555/15_17.png,1574712000000,,0.3577175867784813,22308
1992,168359214,MON_20191127_060000.p3.flac,Parque Urbano El Bosque,2019,11,Agelasticus thilius,Alternative Song,10.61732426303855,12.051156462585034,1205.859375,7235.15625,present,https://s3.amazonaws.com/arbimon2/project_2770/detections/10555/15_32.png,1574834520000,,0.2580213620620026,22308
1993,168359220,MON_20191127_130000.p5.flac,Parque Urbano El Bosque,2019,11,Agelasticus thilius,Alternative Song,47.12489795918367,48.55873015873016,1205.859375,7235.15625,present,https://s3.amazonaws.com/arbimon2/project_2770/detections/10555/15_38.png,1574859840000,,0.363343738755306,22308
1994,168359222,MON_20191127_150000.p1.flac,Parque Urbano El Bosque,2019,11,Agelasticus thilius,Alternative Song,0.2031746031746031,1.6370068027210884,1205.859375,7235.15625,present,https://s3.amazonaws.com/arbimon2/project_2770/detections/10555/15_40.png,1574866800000,,0.3651710533142448,22308
1995,168359224,MON_20191127_150000.p5.flac,Parque Urbano El Bosque,2019,11,Agelasticus thilius,Alternative Song,42.14421768707483,43.57804988662132,1205.859375,7235.15625,present,https://s3.amazonaws.com/arbimon2/project_2770/detections/10555/15_42.png,1574867040000,,0.2742669172222451,22308
1996,168359227,MON_20191127_190000.p3.flac,Parque Urbano El Bosque,2019,11,Agelasticus thilius,Alternative Song,52.22167800453515,53.65551020408163,1205.859375,7235.15625,present,https://s3.amazonaws.com/arbimon2/project_2770/detections/10555/15_45.png,1574881320000,,0.340026473200199,22308
1997,168359228,MON_20191127_190000.p2.flac,Parque Urbano El Bosque,2019,11,Agelasticus thilius,Alternative Song,53.980589569161,55.41442176870749,1205.859375,7235.15625,present,https://s3.amazonaws.com/arbimon2/project_2770/detections/10555/15_46.png,1574881260000,,0.4071604395713494,22308
1998,168359229,MON_20191127_190000.p4.flac,Parque Urbano El Bosque,2019,11,Agelasticus thilius,Alternative Song,33.245170068027214,34.67900226757369,1205.859375,7235.15625,present,https://s3.amazonaws.com/arbimon2/project_2770/detections/10555/15_47.png,1574881380000,,0.3606827494138422,22308
1999,168359231,MON_20191127_190000.p5.flac,Parque Urbano El Bosque,2019,11,Agelasticus thilius,Alternative Song,27.28925170068027,28.72308390022676,1205.859375,7235.15625,present,https://s3.amazonaws.com/arbimon2/project_2770/detections/10555/15_49.png,1574881440000,,0.3786175176427166,22308
2000,168359232,MON_20191127_190000.p5.flac,Parque Urbano El Bosque,2019,11,Agelasticus thilius,Alternative Song,4.057687074829932,5.491519274376417,1205.859375,7235.15625,present,https://s3.amazonaws.com/arbimon2/project_2770/detections/10555/15_50.png,1574881440000,,0.2963961777694719,22308
2001,168359234,MON_20191127_200000.p3.flac,Parque Urbano El Bosque,2019,11,Agelasticus thilius,Alternative Song,33.7037641723356,35.13759637188208,1205.859375,7235.15625,present,https://s3.amazonaws.com/arbimon2/project_2770/detections/10555/15_52.png,1574884920000,,0.2971756290062317,22308
2002,168359235,MON_20191127_200000.p3.flac,Parque Urbano El Bosque,2019,11,Agelasticus thilius,Alternative Song,54.36371882086168,55.79755102040816,1205.859375,7235.15625,present,https://s3.amazonaws.com/arbimon2/project_2770/detections/10555/15_53.png,1574884920000,,0.2914018292429962,22308
2003,168359236,MON_20191127_200000.p2.flac,Parque Urbano El Bosque,2019,11,Agelasticus thilius,Alternative Song,37.47120181405896,38.90503401360544,1205.859375,7235.15625,present,https://s3.amazonaws.com/arbimon2/project_2770/detections/10555/15_54.png,1574884860000,,0.2938251536597944,22308
2004,168359237,MON_20191127_200000.p4.flac,Parque Urbano El Bosque,2019,11,Agelasticus thilius,Alternative Song,35.07954648526077,36.51337868480726,1205.859375,7235.15625,present,https://s3.amazonaws.com/arbimon2/project_2770/detections/10555/15_55.png,1574884980000,,0.3492897478568721,22308
2005,168359238,MON_20191127_200000.p4.flac,Parque Urbano El Bosque,2019,11,Agelasticus thilius,Alternative Song,14.477641723356008,15.911473922902497,1205.859375,7235.15625,present,https://s3.amazonaws.com/arbimon2/project_2770/detections/10555/15_56.png,1574884980000,,0.2800765067648996,22308
2006,168359239,MON_20191127_200000.p5.flac,Parque Urbano El Bosque,2019,11,Agelasticus thilius,Alternative Song,50.34666666666666,51.78049886621315,1205.859375,7235.15625,present,https://s3.amazonaws.com/arbimon2/project_2770/detections/10555/15_57.png,1574885040000,,0.3362257320875131,22308
2007,168359240,MON_20191127_200000.p5.flac,Parque Urbano El Bosque,2019,11,Agelasticus thilius,Alternative Song,24.462222222222223,25.896054421768707,1205.859375,7235.15625,present,https://s3.amazonaws.com/arbimon2/project_2770/detections/10555/15_58.png,1574885040000,,0.3269913178334863,22308
2008,168359241,MON_20191127_200000.p5.flac,Parque Urbano El Bosque,2019,11,Agelasticus thilius,Alternative Song,0.0812698412698412,1.5151020408163265,1205.859375,7235.15625,present,https://s3.amazonaws.com/arbimon2/project_2770/detections/10555/15_59.png,1574885040000,,0.2853024171777828,22308
2009,168359369,MON_20191118_070000.p1.flac,Parque Urbano El Bosque,2019,11,Agelasticus thilius,Alternative Song,6.681541950113378,8.115374149659864,1205.859375,7235.15625,present,https://s3.amazonaws.com/arbimon2/project_2770/detections/10555/12_5.png,1574060400000,,0.2542778279203071,22308
2010,168359370,MON_20191118_070000.p1.flac,Parque Urbano El Bosque,2019,11,Agelasticus thilius,Alternative Song,49.65587301587301,51.0897052154195,1205.859375,7235.15625,present,https://s3.amazonaws.com/arbimon2/project_2770/detections/10555/12_6.png,1574060400000,,0.2494613496563288,22308
2011,168359371,MON_20191118_070000.p4.flac,Parque Urbano El Bosque,2019,11,Agelasticus thilius,Alternative Song,23.54503401360544,24.978866213151928,1205.859375,7235.15625,present,https://s3.amazonaws.com/arbimon2/project_2770/detections/10555/12_7.png,1574060580000,,0.3324253601741321,22308
2012,168359372,MON_20191118_070000.p4.flac,Parque Urbano El Bosque,2019,11,Agelasticus thilius,Alternative Song,52.453877551020405,53.88770975056689,1205.859375,7235.15625,present,https://s3.amazonaws.com/arbimon2/project_2770/detections/10555/12_8.png,1574060580000,,0.292567817488725,22308
2013,168359387,MON_20191118_130000.p5.flac,Parque Urbano El Bosque,2019,11,Agelasticus thilius,Alternative Song,52.63963718820862,54.073469387755104,1205.859375,7235.15625,present,https://s3.amazonaws.com/arbimon2/project_2770/detections/10555/12_23.png,1574082240000,,0.270296329341064,22308
2014,168359388,MON_20191118_140000.p1.flac,Parque Urbano El Bosque,2019,11,Agelasticus thilius,Alternative Song,43.12526077097505,44.55909297052154,1205.859375,7235.15625,present,https://s3.amazonaws.com/arbimon2/project_2770/detections/10555/12_24.png,1574085600000,,0.2539922910454484,22308
2015,168359390,MON_20191118_140000.p2.flac,Parque Urbano El Bosque,2019,11,Agelasticus thilius,Alternative Song,57.48680272108844,58.92063492063492,1205.859375,7235.15625,present,https://s3.amazonaws.com/arbimon2/project_2770/detections/10555/12_26.png,1574085660000,,0.2549862205963931,22308
2016,168359392,MON_20191118_140000.p3.flac,Parque Urbano El Bosque,2019,11,Agelasticus thilius,Alternative Song,23.26639455782313,24.700226757369613,1205.859375,7235.15625,present,https://s3.amazonaws.com/arbimon2/project_2770/detections/10555/12_28.png,1574085720000,,0.2751419986956826,22308
2017,168359393,MON_20191118_150000.p5.flac,Parque Urbano El Bosque,2019,11,Agelasticus thilius,Alternative Song,42.59700680272109,44.03083900226758,1205.859375,7235.15625,present,https://s3.amazonaws.com/arbimon2/project_2770/detections/10555/12_29.png,1574089440000,,0.2554921213760742,22308
2018,168359394,MON_20191118_170000.p3.flac,Parque Urbano El Bosque,2019,11,Agelasticus thilius,Alternative Song,20.28263038548753,21.71646258503401,1205.859375,7235.15625,present,https://s3.amazonaws.com/arbimon2/project_2770/detections/10555/12_30.png,1574096520000,,0.249573888368698,22308
2019,168359399,MON_20191118_180000.p4.flac,Parque Urbano El Bosque,2019,11,Agelasticus thilius,Alternative Song,51.81532879818594,53.249160997732425,1205.859375,7235.15625,present,https://s3.amazonaws.com/arbimon2/project_2770/detections/10555/12_35.png,1574100180000,,0.3335198724454431,22308
2020,168359400,MON_20191118_180000.p4.flac,Parque Urbano El Bosque,2019,11,Agelasticus thilius,Alternative Song,20.20716553287982,21.640997732426303,1205.859375,7235.15625,present,https://s3.amazonaws.com/arbimon2/project_2770/detections/10555/12_36.png,1574100180000,,0.3271846566026469,22308
2021,168359401,MON_20191118_180000.p4.flac,Parque Urbano El Bosque,2019,11,Agelasticus thilius,Alternative Song,9.752380952380951,11.186213151927438,1205.859375,7235.15625,present,https://s3.amazonaws.com/arbimon2/project_2770/detections/10555/12_37.png,1574100180000,,0.3065610984058717,22308
2022,168359402,MON_20191118_180000.p2.flac,Parque Urbano El Bosque,2019,11,Agelasticus thilius,Alternative Song,3.250793650793651,4.684625850340136,1205.859375,7235.15625,present,https://s3.amazonaws.com/arbimon2/project_2770/detections/10555/12_38.png,1574100060000,,0.2835171354338267,22308
2023,168359404,MON_20191118_180000.p5.flac,Parque Urbano El Bosque,2019,11,Agelasticus thilius,Alternative Song,15.24390022675737,16.677732426303855,1205.859375,7235.15625,present,https://s3.amazonaws.com/arbimon2/project_2770/detections/10555/12_40.png,1574100240000,,0.3481088100263573,22308
2024,168359405,MON_20191118_180000.p5.flac,Parque Urbano El Bosque,2019,11,Agelasticus thilius,Alternative Song,38.5102947845805,39.94412698412698,1205.859375,7235.15625,present,https://s3.amazonaws.com/arbimon2/project_2770/detections/10555/12_41.png,1574100240000,,0.320487773929388,22308
2025,168359406,MON_20191118_180000.p5.flac,Parque Urbano El Bosque,2019,11,Agelasticus thilius,Alternative Song,1.5789569160997732,3.0127891156462585,1205.859375,7235.15625,present,https://s3.amazonaws.com/arbimon2/project_2770/detections/10555/12_42.png,1574100240000,,0.3085606307249553,22308
2026,168359408,MON_20191118_190000.p1.flac,Parque Urbano El Bosque,2019,11,Agelasticus thilius,Alternative Song,58.43301587301588,59.86684807256236,1205.859375,7235.15625,present,https://s3.amazonaws.com/arbimon2/project_2770/detections/10555/12_44.png,1574103600000,,0.3141185683117687,22308
2027,168359409,MON_20191118_190000.p1.flac,Parque Urbano El Bosque,2019,11,Agelasticus thilius,Alternative Song,20.909569160997734,22.343401360544217,1205.859375,7235.15625,present,https://s3.amazonaws.com/arbimon2/project_2770/detections/10555/12_45.png,1574103600000,,0.2801265318888052,22308
2028,168359413,MON_20191119_060000.p1.flac,Parque Urbano El Bosque,2019,11,Agelasticus thilius,Alternative Song,9.978775510204082,11.412607709750567,1205.859375,7235.15625,present,https://s3.amazonaws.com/arbimon2/project_2770/detections/10555/12_49.png,1574143200000,,0.293565685554793,22308
2029,168359414,MON_20191119_060000.p1.flac,Parque Urbano El Bosque,2019,11,Agelasticus thilius,Alternative Song,58.258866213151926,59.69269841269841,1205.859375,7235.15625,present,https://s3.amazonaws.com/arbimon2/project_2770/detections/10555/12_50.png,1574143200000,,0.2905781871487444,22308
2030,168359415,MON_20191119_060000.p1.flac,Parque Urbano El Bosque,2019,11,Agelasticus thilius,Alternative Song,1.4512471655328798,2.885079365079365,1205.859375,7235.15625,present,https://s3.amazonaws.com/arbimon2/project_2770/detections/10555/12_51.png,1574143200000,,0.2849000627265258,22308
2031,168359416,MON_20191119_060000.p3.flac,Parque Urbano El Bosque,2019,11,Agelasticus thilius,Alternative Song,22.03573696145125,23.46956916099773,1205.859375,7235.15625,present,https://s3.amazonaws.com/arbimon2/project_2770/detections/10555/12_52.png,1574143320000,,0.2708314045176405,22308
2032,168359417,MON_20191119_060000.p3.flac,Parque Urbano El Bosque,2019,11,Agelasticus thilius,Alternative Song,5.340589569160998,6.774421768707483,1205.859375,7235.15625,present,https://s3.amazonaws.com/arbimon2/project_2770/detections/10555/12_53.png,1574143320000,,0.2434175627559862,22308
2033,168359421,MON_20191119_060000.p2.flac,Parque Urbano El Bosque,2019,11,Agelasticus thilius,Alternative Song,41.18639455782313,42.620226757369615,1205.859375,7235.15625,present,https://s3.amazonaws.com/arbimon2/project_2770/detections/10555/12_57.png,1574143260000,,0.2514718354887739,22308
2034,168359426,MON_20191119_080000.p4.flac,Parque Urbano El Bosque,2019,11,Agelasticus thilius,Alternative Song,48.57614512471656,50.00997732426304,1205.859375,7235.15625,present,https://s3.amazonaws.com/arbimon2/project_2770/detections/10555/12_62.png,1574150580000,,0.2670091442324163,22308
2035,168359427,MON_20191119_080000.p5.flac,Parque Urbano El Bosque,2019,11,Agelasticus thilius,Alternative Song,11.679637188208616,13.1134693877551,1205.859375,7235.15625,present,https://s3.amazonaws.com/arbimon2/project_2770/detections/10555/12_63.png,1574150640000,,0.2541071328708145,22308
2036,168359428,MON_20191119_090000.p2.flac,Parque Urbano El Bosque,2019,11,Agelasticus thilius,Alternative Song,16.341043083900228,17.77487528344671,1205.859375,7235.15625,present,https://s3.amazonaws.com/arbimon2/project_2770/detections/10555/12_64.png,1574154060000,,0.3278217768766913,22308
2037,168359430,MON_20191119_090000.p1.flac,Parque Urbano El Bosque,2019,11,Agelasticus thilius,Alternative Song,13.25278911564626,14.686621315192744,1205.859375,7235.15625,present,https://s3.amazonaws.com/arbimon2/project_2770/detections/10555/12_66.png,1574154000000,,0.3447624356885502,22308
2038,168359433,MON_20191119_090000.p5.flac,Parque Urbano El Bosque,2019,11,Agelasticus thilius,Alternative Song,29.52997732426304,30.963809523809523,1205.859375,7235.15625,present,https://s3.amazonaws.com/arbimon2/project_2770/detections/10555/12_69.png,1574154240000,,0.2562680611638511,22308
2039,168359438,MON_20191119_110000.p2.flac,Parque Urbano El Bosque,2019,11,Agelasticus thilius,Alternative Song,27.88716553287982,29.320997732426303,1205.859375,7235.15625,present,https://s3.amazonaws.com/arbimon2/project_2770/detections/10555/12_74.png,1574161260000,,0.2515444088209453,22308
2040,168359439,MON_20191119_130000.p2.flac,Parque Urbano El Bosque,2019,11,Agelasticus thilius,Alternative Song,21.84997732426304,23.283809523809524,1205.859375,7235.15625,present,https://s3.amazonaws.com/arbimon2/project_2770/detections/10555/12_75.png,1574168460000,,0.264930954072725,22308
2041,168359440,MON_20191119_140000.p2.flac,Parque Urbano El Bosque,2019,11,Agelasticus thilius,Alternative Song,49.9287074829932,51.36253968253968,1205.859375,7235.15625,present,https://s3.amazonaws.com/arbimon2/project_2770/detections/10555/12_76.png,1574172060000,,0.2670307627130967,22308
2042,168359441,MON_20191119_140000.p3.flac,Parque Urbano El Bosque,2019,11,Agelasticus thilius,Alternative Song,49.58621315192744,51.020045351473925,1205.859375,7235.15625,present,https://s3.amazonaws.com/arbimon2/project_2770/detections/10555/12_77.png,1574172120000,,0.3431545607747085,22308
2043,168359442,MON_20191119_140000.p3.flac,Parque Urbano El Bosque,2019,11,Agelasticus thilius,Alternative Song,16.70095238095238,18.134784580498867,1205.859375,7235.15625,present,https://s3.amazonaws.com/arbimon2/project_2770/detections/10555/12_78.png,1574172120000,,0.2544298186430843,22308
2044,168359443,MON_20191119_150000.p3.flac,Parque Urbano El Bosque,2019,11,Agelasticus thilius,Alternative Song,25.40843537414966,26.842267573696144,1205.859375,7235.15625,present,https://s3.amazonaws.com/arbimon2/project_2770/detections/10555/12_79.png,1574175720000,,0.2703157744307058,22308
2045,168359444,MON_20191119_160000.p1.flac,Parque Urbano El Bosque,2019,11,Agelasticus thilius,Alternative Song,8.010884353741497,9.444716553287982,1205.859375,7235.15625,present,https://s3.amazonaws.com/arbimon2/project_2770/detections/10555/12_80.png,1574179200000,,0.3478663389475028,22308
2046,168359445,MON_20191119_160000.p1.flac,Parque Urbano El Bosque,2019,11,Agelasticus thilius,Alternative Song,35.34657596371882,36.78040816326531,1205.859375,7235.15625,present,https://s3.amazonaws.com/arbimon2/project_2770/detections/10555/12_81.png,1574179200000,,0.281491779699109,22308
2047,168359446,MON_20191119_160000.p2.flac,Parque Urbano El Bosque,2019,11,Agelasticus thilius,Alternative Song,28.688253968253967,30.12208616780045,1205.859375,7235.15625,present,https://s3.amazonaws.com/arbimon2/project_2770/detections/10555/12_82.png,1574179260000,,0.3480339533085725,22308
2048,168359447,MON_20191119_170000.p2.flac,Parque Urbano El Bosque,2019,11,Agelasticus thilius,Alternative Song,30.058231292517007,31.49206349206349,1205.859375,7235.15625,present,https://s3.amazonaws.com/arbimon2/project_2770/detections/10555/12_83.png,1574182860000,,0.2570970669335314,22308
2049,168359448,MON_20191119_190000.p3.flac,Parque Urbano El Bosque,2019,11,Agelasticus thilius,Alternative Song,25.33297052154195,26.766802721088435,1205.859375,7235.15625,present,https://s3.amazonaws.com/arbimon2/project_2770/detections/10555/12_84.png,1574190120000,,0.2971758587713695,22308
2050,168359449,MON_20191119_190000.p3.flac,Parque Urbano El Bosque,2019,11,Agelasticus thilius,Alternative Song,38.11555555555555,39.54938775510204,1205.859375,7235.15625,present,https://s3.amazonaws.com/arbimon2/project_2770/detections/10555/12_85.png,1574190120000,,0.2458325956974491,22308
2051,168359451,MON_20191119_200000.p1.flac,Parque Urbano El Bosque,2019,11,Agelasticus thilius,Alternative Song,9.943945578231292,11.377777777777778,1205.859375,7235.15625,present,https://s3.amazonaws.com/arbimon2/project_2770/detections/10555/12_87.png,1574193600000,,0.2510982574209602,22308
2052,168359453,MON_20191120_060000.p5.flac,Parque Urbano El Bosque,2019,11,Agelasticus thilius,Alternative Song,43.723174603174606,45.157006802721085,1205.859375,7235.15625,present,https://s3.amazonaws.com/arbimon2/project_2770/detections/10555/12_89.png,1574229840000,,0.2834610415581495,22308
2053,168359454,MON_20191120_070000.p2.flac,Parque Urbano El Bosque,2019,11,Agelasticus thilius,Alternative Song,53.748390022675736,55.18222222222222,1205.859375,7235.15625,present,https://s3.amazonaws.com/arbimon2/project_2770/detections/10555/12_90.png,1574233260000,,0.2861554579178458,22308
2054,168359455,MON_20191120_070000.p1.flac,Parque Urbano El Bosque,2019,11,Agelasticus thilius,Alternative Song,41.412789115646255,42.84662131519274,1205.859375,7235.15625,present,https://s3.amazonaws.com/arbimon2/project_2770/detections/10555/12_91.png,1574233200000,,0.2803110711381184,22308
2055,168359459,MON_20191120_080000.p2.flac,Parque Urbano El Bosque,2019,11,Agelasticus thilius,Alternative Song,14.245442176870748,15.679274376417233,1205.859375,7235.15625,present,https://s3.amazonaws.com/arbimon2/project_2770/detections/10555/12_95.png,1574236860000,,0.2981594292228,22308
2056,168359463,MON_20191120_090000.p5.flac,Parque Urbano El Bosque,2019,11,Agelasticus thilius,Alternative Song,47.18875283446712,48.6225850340136,1205.859375,7235.15625,present,https://s3.amazonaws.com/arbimon2/project_2770/detections/10555/12_99.png,1574240640000,,0.309363059550952,22308
2057,168359464,MON_20191120_090000.p5.flac,Parque Urbano El Bosque,2019,11,Agelasticus thilius,Alternative Song,14.262857142857143,15.696689342403628,1205.859375,7235.15625,present,https://s3.amazonaws.com/arbimon2/project_2770/detections/10555/12_100.png,1574240640000,,0.2803100664824798,22308
2058,168359481,MON_20191230_200000.p2.flac,Parque Urbano El Bosque,2019,12,Agelasticus thilius,Alternative Song,5.410249433106576,6.844081632653062,1205.859375,7235.15625,present,https://s3.amazonaws.com/arbimon2/project_2770/detections/10555/29_6.png,1577736060000,,0.2749572860370991,22308
2059,168359482,MON_20191230_200000.p3.flac,Parque Urbano El Bosque,2019,12,Agelasticus thilius,Alternative Song,39.2649433106576,40.69877551020408,1205.859375,7235.15625,present,https://s3.amazonaws.com/arbimon2/project_2770/detections/10555/29_7.png,1577736120000,,0.3406208288146742,22308
2060,168359483,MON_20191230_200000.p4.flac,Parque Urbano El Bosque,2019,12,Agelasticus thilius,Alternative Song,9.93814058956916,11.371972789115649,1205.859375,7235.15625,present,https://s3.amazonaws.com/arbimon2/project_2770/detections/10555/29_8.png,1577736180000,,0.3080432246323928,22308
2061,168359484,MON_20191230_210000.p2.flac,Parque Urbano El Bosque,2019,12,Agelasticus thilius,Alternative Song,4.481451247165533,5.915283446712018,1205.859375,7235.15625,present,https://s3.amazonaws.com/arbimon2/project_2770/detections/10555/29_9.png,1577739660000,,0.2928189522585955,22308
2062,168359485,MON_20191230_210000.p1.flac,Parque Urbano El Bosque,2019,12,Agelasticus thilius,Alternative Song,58.54331065759637,59.97714285714286,1205.859375,7235.15625,present,https://s3.amazonaws.com/arbimon2/project_2770/detections/10555/29_10.png,1577739600000,,0.2433267534159322,22308
2063,168359487,MON_20191230_210000.p3.flac,Parque Urbano El Bosque,2019,12,Agelasticus thilius,Alternative Song,53.67292517006803,55.10675736961451,1205.859375,7235.15625,present,https://s3.amazonaws.com/arbimon2/project_2770/detections/10555/29_12.png,1577739720000,,0.2619208865583268,22308
2064,168359499,MON_20200101_130000.p2.flac,Parque Urbano El Bosque,2020,1,Agelasticus thilius,Alternative Song,10.31546485260771,11.749297052154194,1205.859375,7235.15625,present,https://s3.amazonaws.com/arbimon2/project_2770/detections/10555/29_24.png,1577883660000,,0.2986492968244432,22308
2065,168359502,MON_20200101_150000.p1.flac,Parque Urbano El Bosque,2020,1,Agelasticus thilius,Alternative Song,40.1124716553288,41.54630385487528,1205.859375,7235.15625,present,https://s3.amazonaws.com/arbimon2/project_2770/detections/10555/29_27.png,1577890800000,,0.3304024653481626,22308
2066,168359503,MON_20200101_150000.p3.flac,Parque Urbano El Bosque,2020,1,Agelasticus thilius,Alternative Song,46.41668934240363,47.85052154195012,1205.859375,7235.15625,present,https://s3.amazonaws.com/arbimon2/project_2770/detections/10555/29_28.png,1577890920000,,0.343897729026847,22308
2067,168359504,MON_20200101_150000.p2.flac,Parque Urbano El Bosque,2020,1,Agelasticus thilius,Alternative Song,3.2043537414965986,4.638185941043084,1205.859375,7235.15625,present,https://s3.amazonaws.com/arbimon2/project_2770/detections/10555/29_29.png,1577890860000,,0.3497365082603629,22308
2068,168359505,MON_20200101_150000.p2.flac,Parque Urbano El Bosque,2020,1,Agelasticus thilius,Alternative Song,31.51528344671202,32.949115646258505,1205.859375,7235.15625,present,https://s3.amazonaws.com/arbimon2/project_2770/detections/10555/29_30.png,1577890860000,,0.3464617041199557,22308
2069,168359507,MON_20200101_200000.p2.flac,Parque Urbano El Bosque,2020,1,Agelasticus thilius,Alternative Song,20.94439909297052,22.378231292517007,1205.859375,7235.15625,present,https://s3.amazonaws.com/arbimon2/project_2770/detections/10555/29_32.png,1577908860000,,0.3392709503445842,22308
2070,168359508,MON_20200101_200000.p2.flac,Parque Urbano El Bosque,2020,1,Agelasticus thilius,Alternative Song,2.9315192743764173,4.365351473922902,1205.859375,7235.15625,present,https://s3.amazonaws.com/arbimon2/project_2770/detections/10555/29_33.png,1577908860000,,0.3047916284259044,22308
2071,168359509,MON_20200101_200000.p1.flac,Parque Urbano El Bosque,2020,1,Agelasticus thilius,Alternative Song,37.83111111111111,39.2649433106576,1205.859375,7235.15625,present,https://s3.amazonaws.com/arbimon2/project_2770/detections/10555/29_34.png,1577908800000,,0.3159033011073958,22308
2072,168359511,MON_20200101_200000.p4.flac,Parque Urbano El Bosque,2020,1,Agelasticus thilius,Alternative Song,0.603718820861678,2.0375510204081637,1205.859375,7235.15625,present,https://s3.amazonaws.com/arbimon2/project_2770/detections/10555/29_36.png,1577908980000,,0.2917735094974313,22308
2073,168359519,MON_20200102_060000.p3.flac,Parque Urbano El Bosque,2020,1,Agelasticus thilius,Alternative Song,30.690975056689343,32.124807256235826,1205.859375,7235.15625,present,https://s3.amazonaws.com/arbimon2/project_2770/detections/10555/30_0.png,1577944920000,,0.2958042012308615,22308
2074,168359520,MON_20200102_060000.p3.flac,Parque Urbano El Bosque,2020,1,Agelasticus thilius,Alternative Song,1.5499319727891157,2.9837641723356008,1205.859375,7235.15625,present,https://s3.amazonaws.com/arbimon2/project_2770/detections/10555/30_1.png,1577944920000,,0.2492145822214338,22308
2075,168359521,MON_20200102_060000.p1.flac,Parque Urbano El Bosque,2020,1,Agelasticus thilius,Alternative Song,38.57995464852608,40.01378684807256,1205.859375,7235.15625,present,https://s3.amazonaws.com/arbimon2/project_2770/detections/10555/30_2.png,1577944800000,,0.2526179570610464,22308
2076,168359523,MON_20200102_060000.p2.flac,Parque Urbano El Bosque,2020,1,Agelasticus thilius,Alternative Song,44.593922902494334,46.027755102040814,1205.859375,7235.15625,present,https://s3.amazonaws.com/arbimon2/project_2770/detections/10555/30_4.png,1577944860000,,0.2891687492925043,22308
2077,168359524,MON_20200102_060000.p4.flac,Parque Urbano El Bosque,2020,1,Agelasticus thilius,Alternative Song,6.710566893424036,8.144399092970522,1205.859375,7235.15625,present,https://s3.amazonaws.com/arbimon2/project_2770/detections/10555/30_5.png,1577944980000,,0.3607799263621807,22308
2078,168359526,MON_20200102_060000.p5.flac,Parque Urbano El Bosque,2020,1,Agelasticus thilius,Alternative Song,52.84281179138322,54.276643990929706,1205.859375,7235.15625,present,https://s3.amazonaws.com/arbimon2/project_2770/detections/10555/30_7.png,1577945040000,,0.2875208597475239,22308
2079,168359567,MON_20200103_160000.p1.flac,Parque Urbano El Bosque,2020,1,Agelasticus thilius,Alternative Song,34.69061224489796,36.12444444444444,1205.859375,7235.15625,present,https://s3.amazonaws.com/arbimon2/project_2770/detections/10555/30_48.png,1578067200000,,0.2665310923386846,22308
2080,168359568,MON_20200103_160000.p2.flac,Parque Urbano El Bosque,2020,1,Agelasticus thilius,Alternative Song,16.822857142857142,18.25668934240363,1205.859375,7235.15625,present,https://s3.amazonaws.com/arbimon2/project_2770/detections/10555/30_49.png,1578067260000,,0.2667143404700061,22308
2081,168359579,MON_20191203_070000.p4.flac,Parque Urbano El Bosque,2019,12,Agelasticus thilius,Alternative Song,8.388208616780044,9.822040816326531,1205.859375,7235.15625,present,https://s3.amazonaws.com/arbimon2/project_2770/detections/10555/18_3.png,1575356580000,,0.2605243535834211,22308
2082,168359580,MON_20191203_070000.p4.flac,Parque Urbano El Bosque,2019,12,Agelasticus thilius,Alternative Song,51.16517006802721,52.599002267573695,1205.859375,7235.15625,present,https://s3.amazonaws.com/arbimon2/project_2770/detections/10555/18_4.png,1575356580000,,0.2520243335625073,22308
2083,168359581,MON_20191203_070000.p2.flac,Parque Urbano El Bosque,2019,12,Agelasticus thilius,Alternative Song,45.60979591836735,47.04362811791383,1205.859375,7235.15625,present,https://s3.amazonaws.com/arbimon2/project_2770/detections/10555/18_5.png,1575356460000,,0.243796420882224,22308
2084,168359585,MON_20191203_080000.p1.flac,Parque Urbano El Bosque,2019,12,Agelasticus thilius,Alternative Song,46.2831746031746,47.71700680272109,1205.859375,7235.15625,present,https://s3.amazonaws.com/arbimon2/project_2770/detections/10555/18_9.png,1575360000000,,0.3351973017415214,22308
2085,168359593,MON_20191203_080000.p4.flac,Parque Urbano El Bosque,2019,12,Agelasticus thilius,Alternative Song,37.29124716553288,38.72507936507937,1205.859375,7235.15625,present,https://s3.amazonaws.com/arbimon2/project_2770/detections/10555/18_17.png,1575360180000,,0.288213194236317,22308
2086,168359594,MON_20191203_080000.p4.flac,Parque Urbano El Bosque,2019,12,Agelasticus thilius,Alternative Song,6.292607709750567,7.726439909297052,1205.859375,7235.15625,present,https://s3.amazonaws.com/arbimon2/project_2770/detections/10555/18_18.png,1575360180000,,0.2514749080904322,22308
2087,168359597,MON_20191203_090000.p1.flac,Parque Urbano El Bosque,2019,12,Agelasticus thilius,Alternative Song,30.58648526077097,32.02031746031746,1205.859375,7235.15625,present,https://s3.amazonaws.com/arbimon2/project_2770/detections/10555/18_21.png,1575363600000,,0.2483198344985215,22308
2088,168359598,MON_20191203_090000.p2.flac,Parque Urbano El Bosque,2019,12,Agelasticus thilius,Alternative Song,51.90820861678005,53.34204081632653,1205.859375,7235.15625,present,https://s3.amazonaws.com/arbimon2/project_2770/detections/10555/18_22.png,1575363660000,,0.3508570348981985,22308
2089,168359602,MON_20191203_100000.p4.flac,Parque Urbano El Bosque,2019,12,Agelasticus thilius,Alternative Song,0.3773242630385487,1.811156462585034,1205.859375,7235.15625,present,https://s3.amazonaws.com/arbimon2/project_2770/detections/10555/18_26.png,1575367380000,,0.2457255993091595,22308
2090,168359604,MON_20191203_140000.p5.flac,Parque Urbano El Bosque,2019,12,Agelasticus thilius,Alternative Song,10.85532879818594,12.289160997732424,1205.859375,7235.15625,present,https://s3.amazonaws.com/arbimon2/project_2770/detections/10555/18_28.png,1575381840000,,0.2933665307743887,22308
2091,168359615,MON_20191204_070000.p5.flac,Parque Urbano El Bosque,2019,12,Agelasticus thilius,Alternative Song,38.0865306122449,39.52036281179139,1205.859375,7235.15625,present,https://s3.amazonaws.com/arbimon2/project_2770/detections/10555/18_39.png,1575443040000,,0.3034324122733984,22308
2092,168359620,MON_20191204_170000.p2.flac,Parque Urbano El Bosque,2019,12,Agelasticus thilius,Alternative Song,5.16063492063492,6.594467120181406,1205.859375,7235.15625,present,https://s3.amazonaws.com/arbimon2/project_2770/detections/10555/18_44.png,1575478860000,,0.3179538455121915,22308
2093,168359621,MON_20191204_170000.p2.flac,Parque Urbano El Bosque,2019,12,Agelasticus thilius,Alternative Song,51.69342403628118,53.12725623582767,1205.859375,7235.15625,present,https://s3.amazonaws.com/arbimon2/project_2770/detections/10555/18_45.png,1575478860000,,0.3150648516026416,22308
2094,168359622,MON_20191204_170000.p2.flac,Parque Urbano El Bosque,2019,12,Agelasticus thilius,Alternative Song,21.495873015873016,22.929705215419503,1205.859375,7235.15625,present,https://s3.amazonaws.com/arbimon2/project_2770/detections/10555/18_46.png,1575478860000,,0.2444060040498446,22308
2095,168359623,MON_20191204_170000.p3.flac,Parque Urbano El Bosque,2019,12,Agelasticus thilius,Alternative Song,6.072018140589569,7.505850340136054,1205.859375,7235.15625,present,https://s3.amazonaws.com/arbimon2/project_2770/detections/10555/18_47.png,1575478920000,,0.2651000226111263,22308
2096,168359631,MON_20191204_180000.p2.flac,Parque Urbano El Bosque,2019,12,Agelasticus thilius,Alternative Song,55.83238095238095,57.26621315192744,1205.859375,7235.15625,present,https://s3.amazonaws.com/arbimon2/project_2770/detections/10555/18_55.png,1575482460000,,0.2658011598651633,22308
2097,168359634,MON_20191204_190000.p2.flac,Parque Urbano El Bosque,2019,12,Agelasticus thilius,Alternative Song,11.464852607709751,12.898684807256236,1205.859375,7235.15625,present,https://s3.amazonaws.com/arbimon2/project_2770/detections/10555/18_58.png,1575486060000,,0.2789440810030507,22308
2098,168359635,MON_20191204_190000.p2.flac,Parque Urbano El Bosque,2019,12,Agelasticus thilius,Alternative Song,37.97043083900227,39.40426303854876,1205.859375,7235.15625,present,https://s3.amazonaws.com/arbimon2/project_2770/detections/10555/18_59.png,1575486060000,,0.2786377039637075,22308
2099,168359637,MON_20191204_190000.p4.flac,Parque Urbano El Bosque,2019,12,Agelasticus thilius,Alternative Song,11.226848072562358,12.660680272108843,1205.859375,7235.15625,present,https://s3.amazonaws.com/arbimon2/project_2770/detections/10555/18_61.png,1575486180000,,0.3185332844930017,22308
2100,168359638,MON_20191204_190000.p3.flac,Parque Urbano El Bosque,2019,12,Agelasticus thilius,Alternative Song,27.14993197278912,28.5837641723356,1205.859375,7235.15625,present,https://s3.amazonaws.com/arbimon2/project_2770/detections/10555/18_62.png,1575486120000,,0.284316629200799,22308
2101,168359640,MON_20191204_190000.p5.flac,Parque Urbano El Bosque,2019,12,Agelasticus thilius,Alternative Song,35.9328798185941,37.36671201814059,1205.859375,7235.15625,present,https://s3.amazonaws.com/arbimon2/project_2770/detections/10555/18_64.png,1575486240000,,0.252043200831234,22308
2102,168359641,MON_20191204_200000.p3.flac,Parque Urbano El Bosque,2019,12,Agelasticus thilius,Alternative Song,51.29868480725624,52.73251700680272,1205.859375,7235.15625,present,https://s3.amazonaws.com/arbimon2/project_2770/detections/10555/18_65.png,1575489720000,,0.2757235727025613,22308
2103,168359643,MON_20191204_200000.p4.flac,Parque Urbano El Bosque,2019,12,Agelasticus thilius,Alternative Song,23.00517006802721,24.43900226757369,1205.859375,7235.15625,present,https://s3.amazonaws.com/arbimon2/project_2770/detections/10555/18_67.png,1575489780000,,0.300208772959826,22308
2104,168359697,MON_20200113_120000.p2.flac,Parque Urbano El Bosque,2020,1,Agelasticus thilius,Alternative Song,16.027573696145126,17.46140589569161,1205.859375,7235.15625,present,https://s3.amazonaws.com/arbimon2/project_2770/detections/10555/34_21.png,1578916860000,,0.2832686366580321,22308
2105,168359708,MON_20191220_210000.p1.flac,Parque Urbano El Bosque,2019,12,Agelasticus thilius,Alternative Song,16.24235827664399,17.676190476190477,1205.859375,7235.15625,present,https://s3.amazonaws.com/arbimon2/project_2770/detections/10555/25_6.png,1576875600000,,0.2766901621685435,22308
2106,168359719,MON_20191221_080000.p2.flac,Parque Urbano El Bosque,2019,12,Agelasticus thilius,Alternative Song,23.10385487528345,24.53768707482993,1205.859375,7235.15625,present,https://s3.amazonaws.com/arbimon2/project_2770/detections/10555/25_17.png,1576915260000,,0.2570897255894682,22308
2107,168359753,MON_20191222_210000.p3.flac,Parque Urbano El Bosque,2019,12,Agelasticus thilius,Alternative Song,21.368163265306123,22.80199546485261,1205.859375,7235.15625,present,https://s3.amazonaws.com/arbimon2/project_2770/detections/10555/25_51.png,1577048520000,,0.3611142376918797,22308
2108,168359754,MON_20191222_210000.p5.flac,Parque Urbano El Bosque,2019,12,Agelasticus thilius,Alternative Song,51.38575963718821,52.819591836734695,1205.859375,7235.15625,present,https://s3.amazonaws.com/arbimon2/project_2770/detections/10555/25_52.png,1577048640000,,0.2652036150001812,22308
2109,168359795,MON_20191226_150000.p3.flac,Parque Urbano El Bosque,2019,12,Agelasticus thilius,Alternative Song,18.15219954648526,19.586031746031747,1205.859375,7235.15625,present,https://s3.amazonaws.com/arbimon2/project_2770/detections/10555/27_24.png,1577372520000,,0.2714970388480794,22308
2110,168359796,MON_20191226_150000.p2.flac,Parque Urbano El Bosque,2019,12,Agelasticus thilius,Alternative Song,35.80517006802721,37.239002267573696,1205.859375,7235.15625,present,https://s3.amazonaws.com/arbimon2/project_2770/detections/10555/27_25.png,1577372460000,,0.2801612990187262,22308
2111,168359800,MON_20191226_210000.p1.flac,Parque Urbano El Bosque,2019,12,Agelasticus thilius,Alternative Song,39.2649433106576,40.69877551020408,1205.859375,7235.15625,present,https://s3.amazonaws.com/arbimon2/project_2770/detections/10555/27_29.png,1577394000000,,0.253616547185532,22308
2112,168359802,MON_20191226_210000.p5.flac,Parque Urbano El Bosque,2019,12,Agelasticus thilius,Alternative Song,23.37668934240363,24.810521541950116,1205.859375,7235.15625,present,https://s3.amazonaws.com/arbimon2/project_2770/detections/10555/27_31.png,1577394240000,,0.3655112597136461,22308
2113,168359807,MON_20191227_070000.p4.flac,Parque Urbano El Bosque,2019,12,Agelasticus thilius,Alternative Song,34.3481179138322,35.781950113378684,1205.859375,7235.15625,present,https://s3.amazonaws.com/arbimon2/project_2770/detections/10555/27_36.png,1577430180000,,0.2552602542700821,22308
2114,168359813,MON_20191227_080000.p5.flac,Parque Urbano El Bosque,2019,12,Agelasticus thilius,Alternative Song,45.830385487528346,47.26421768707483,1205.859375,7235.15625,present,https://s3.amazonaws.com/arbimon2/project_2770/detections/10555/27_42.png,1577433840000,,0.260708741753448,22308
2115,168359819,MON_20191227_100000.p3.flac,Parque Urbano El Bosque,2019,12,Agelasticus thilius,Alternative Song,24.642176870748298,26.076009070294784,1205.859375,7235.15625,present,https://s3.amazonaws.com/arbimon2/project_2770/detections/10555/27_48.png,1577440920000,,0.2934631952467701,22308
2116,168359826,MON_20191227_150000.p4.flac,Parque Urbano El Bosque,2019,12,Agelasticus thilius,Alternative Song,15.28453514739229,16.718367346938777,1205.859375,7235.15625,present,https://s3.amazonaws.com/arbimon2/project_2770/detections/10555/27_55.png,1577458980000,,0.3261689859885801,22308
2117,168359839,MON_20191106_060000.p2.flac,Parque Urbano El Bosque,2019,11,Agelasticus thilius,Alternative Song,20.60770975056689,22.041541950113377,1205.859375,7235.15625,present,https://s3.amazonaws.com/arbimon2/project_2770/detections/10555/7_12.png,1573020060000,,0.3752915539676771,22308
2118,168359842,MON_20191106_060000.p3.flac,Parque Urbano El Bosque,2019,11,Agelasticus thilius,Alternative Song,17.99546485260771,19.429297052154197,1205.859375,7235.15625,present,https://s3.amazonaws.com/arbimon2/project_2770/detections/10555/7_15.png,1573020120000,,0.3669249815144243,22308
2119,168359843,MON_20191106_060000.p3.flac,Parque Urbano El Bosque,2019,11,Agelasticus thilius,Alternative Song,12.556190476190476,13.99002267573696,1205.859375,7235.15625,present,https://s3.amazonaws.com/arbimon2/project_2770/detections/10555/7_16.png,1573020120000,,0.3534511021725282,22308
2120,168359845,MON_20191106_060000.p4.flac,Parque Urbano El Bosque,2019,11,Agelasticus thilius,Alternative Song,47.87954648526077,49.313378684807255,1205.859375,7235.15625,present,https://s3.amazonaws.com/arbimon2/project_2770/detections/10555/7_18.png,1573020180000,,0.2924962614451478,22308
2121,168359847,MON_20191106_060000.p5.flac,Parque Urbano El Bosque,2019,11,Agelasticus thilius,Alternative Song,48.355555555555554,49.78938775510204,1205.859375,7235.15625,present,https://s3.amazonaws.com/arbimon2/project_2770/detections/10555/7_20.png,1573020240000,,0.3547136034953712,22308
2122,168359856,MON_20191106_190000.p2.flac,Parque Urbano El Bosque,2019,11,Agelasticus thilius,Alternative Song,9.862675736961451,11.296507936507936,1205.859375,7235.15625,present,https://s3.amazonaws.com/arbimon2/project_2770/detections/10555/7_29.png,1573066860000,,0.2466140579619304,22308
2123,168359865,MON_20191107_060000.p1.flac,Parque Urbano El Bosque,2019,11,Agelasticus thilius,Alternative Song,11.11655328798186,12.550385487528343,1205.859375,7235.15625,present,https://s3.amazonaws.com/arbimon2/project_2770/detections/10555/7_38.png,1573106400000,,0.393185486039215,22308
2124,168359866,MON_20191107_060000.p1.flac,Parque Urbano El Bosque,2019,11,Agelasticus thilius,Alternative Song,54.85133786848073,56.28517006802721,1205.859375,7235.15625,present,https://s3.amazonaws.com/arbimon2/project_2770/detections/10555/7_39.png,1573106400000,,0.2802685694617342,22308
2125,168359868,MON_20191107_060000.p4.flac,Parque Urbano El Bosque,2019,11,Agelasticus thilius,Alternative Song,55.05451247165533,56.488344671201816,1205.859375,7235.15625,present,https://s3.amazonaws.com/arbimon2/project_2770/detections/10555/7_41.png,1573106580000,,0.4302036354326108,22308
2126,168359869,MON_20191107_060000.p4.flac,Parque Urbano El Bosque,2019,11,Agelasticus thilius,Alternative Song,8.266303854875284,9.700136054421767,1205.859375,7235.15625,present,https://s3.amazonaws.com/arbimon2/project_2770/detections/10555/7_42.png,1573106580000,,0.3104105205541526,22308
2127,168359870,MON_20191107_060000.p4.flac,Parque Urbano El Bosque,2019,11,Agelasticus thilius,Alternative Song,43.79863945578232,45.2324716553288,1205.859375,7235.15625,present,https://s3.amazonaws.com/arbimon2/project_2770/detections/10555/7_43.png,1573106580000,,0.2774191800816264,22308
2128,168359871,MON_20191107_060000.p2.flac,Parque Urbano El Bosque,2019,11,Agelasticus thilius,Alternative Song,21.28108843537415,22.714920634920635,1205.859375,7235.15625,present,https://s3.amazonaws.com/arbimon2/project_2770/detections/10555/7_44.png,1573106460000,,0.355650210711104,22308
2129,168359872,MON_20191107_060000.p2.flac,Parque Urbano El Bosque,2019,11,Agelasticus thilius,Alternative Song,14.187392290249432,15.62122448979592,1205.859375,7235.15625,present,https://s3.amazonaws.com/arbimon2/project_2770/detections/10555/7_45.png,1573106460000,,0.3474565289849494,22308
2130,168359873,MON_20191107_060000.p2.flac,Parque Urbano El Bosque,2019,11,Agelasticus thilius,Alternative Song,58.35174603174603,59.78557823129252,1205.859375,7235.15625,present,https://s3.amazonaws.com/arbimon2/project_2770/detections/10555/7_46.png,1573106460000,,0.3074636803087557,22308
2131,168359874,MON_20191107_060000.p3.flac,Parque Urbano El Bosque,2019,11,Agelasticus thilius,Alternative Song,49.38303854875284,50.81687074829932,1205.859375,7235.15625,present,https://s3.amazonaws.com/arbimon2/project_2770/detections/10555/7_47.png,1573106520000,,0.3748685969597406,22308
2132,168359875,MON_20191107_060000.p3.flac,Parque Urbano El Bosque,2019,11,Agelasticus thilius,Alternative Song,16.15528344671202,17.589115646258502,1205.859375,7235.15625,present,https://s3.amazonaws.com/arbimon2/project_2770/detections/10555/7_48.png,1573106520000,,0.346693984956872,22308
2133,168359876,MON_20191107_060000.p3.flac,Parque Urbano El Bosque,2019,11,Agelasticus thilius,Alternative Song,53.8702947845805,55.30412698412698,1205.859375,7235.15625,present,https://s3.amazonaws.com/arbimon2/project_2770/detections/10555/7_49.png,1573106520000,,0.2961251532036774,22308
2134,168359877,MON_20191107_060000.p5.flac,Parque Urbano El Bosque,2019,11,Agelasticus thilius,Alternative Song,0.0174149659863945,1.4512471655328798,1205.859375,7235.15625,present,https://s3.amazonaws.com/arbimon2/project_2770/detections/10555/7_50.png,1573106640000,,0.304244110653657,22308
2135,168359878,MON_20191107_060000.p5.flac,Parque Urbano El Bosque,2019,11,Agelasticus thilius,Alternative Song,13.781043083900228,15.214875283446712,1205.859375,7235.15625,present,https://s3.amazonaws.com/arbimon2/project_2770/detections/10555/7_51.png,1573106640000,,0.274026505656013,22308
2136,168359879,MON_20191107_060000.p5.flac,Parque Urbano El Bosque,2019,11,Agelasticus thilius,Alternative Song,51.31609977324264,52.74993197278911,1205.859375,7235.15625,present,https://s3.amazonaws.com/arbimon2/project_2770/detections/10555/7_52.png,1573106640000,,0.2627479478459605,22308
2137,168359887,MON_20191107_110000.p5.flac,Parque Urbano El Bosque,2019,11,Agelasticus thilius,Alternative Song,52.27972789115646,53.71356009070295,1205.859375,7235.15625,present,https://s3.amazonaws.com/arbimon2/project_2770/detections/10555/7_60.png,1573124640000,,0.2762705325782192,22308
2138,168359888,MON_20191107_120000.p1.flac,Parque Urbano El Bosque,2019,11,Agelasticus thilius,Alternative Song,41.08190476190476,42.515736961451246,1205.859375,7235.15625,present,https://s3.amazonaws.com/arbimon2/project_2770/detections/10555/7_61.png,1573128000000,,0.3355932318209763,22308
2139,168359897,MON_20191107_200000.p1.flac,Parque Urbano El Bosque,2019,11,Agelasticus thilius,Alternative Song,20.09687074829932,21.530702947845803,1205.859375,7235.15625,present,https://s3.amazonaws.com/arbimon2/project_2770/detections/10555/7_70.png,1573156800000,,0.2540419547742211,22308
2140,168359902,MON_20191107_200000.p4.flac,Parque Urbano El Bosque,2019,11,Agelasticus thilius,Alternative Song,43.20072562358277,44.63455782312925,1205.859375,7235.15625,present,https://s3.amazonaws.com/arbimon2/project_2770/detections/10555/7_75.png,1573156980000,,0.3052922258871887,22308
2141,168359903,MON_20191107_200000.p5.flac,Parque Urbano El Bosque,2019,11,Agelasticus thilius,Alternative Song,34.46421768707483,35.898049886621315,1205.859375,7235.15625,present,https://s3.amazonaws.com/arbimon2/project_2770/detections/10555/7_76.png,1573157040000,,0.253472259753434,22308
2142,168359917,MON_20191115_180000.p4.flac,Parque Urbano El Bosque,2019,11,Agelasticus thilius,Alternative Song,34.73124716553288,36.16507936507936,1205.859375,7235.15625,present,https://s3.amazonaws.com/arbimon2/project_2770/detections/10555/11_5.png,1573840980000,,0.4071979703790752,22308
2143,168359918,MON_20191115_180000.p4.flac,Parque Urbano El Bosque,2019,11,Agelasticus thilius,Alternative Song,8.626213151927438,10.060045351473924,1205.859375,7235.15625,present,https://s3.amazonaws.com/arbimon2/project_2770/detections/10555/11_6.png,1573840980000,,0.3370940665865641,22308
2144,168359919,MON_20191115_190000.p4.flac,Parque Urbano El Bosque,2019,11,Agelasticus thilius,Alternative Song,20.56126984126984,21.995102040816327,1205.859375,7235.15625,present,https://s3.amazonaws.com/arbimon2/project_2770/detections/10555/11_7.png,1573844580000,,0.3223589619554793,22308
2145,168359920,MON_20191115_190000.p4.flac,Parque Urbano El Bosque,2019,11,Agelasticus thilius,Alternative Song,38.47546485260771,39.909297052154194,1205.859375,7235.15625,present,https://s3.amazonaws.com/arbimon2/project_2770/detections/10555/11_8.png,1573844580000,,0.3094745999641506,22308
2146,168359921,MON_20191115_190000.p4.flac,Parque Urbano El Bosque,2019,11,Agelasticus thilius,Alternative Song,4.568526077097506,6.002358276643991,1205.859375,7235.15625,present,https://s3.amazonaws.com/arbimon2/project_2770/detections/10555/11_9.png,1573844580000,,0.2989923251678625,22308
2147,168359922,MON_20191115_190000.p5.flac,Parque Urbano El Bosque,2019,11,Agelasticus thilius,Alternative Song,0.0638548752834467,1.497687074829932,1205.859375,7235.15625,present,https://s3.amazonaws.com/arbimon2/project_2770/detections/10555/11_10.png,1573844640000,,0.341907912722829,22308
2148,168359923,MON_20191115_200000.p1.flac,Parque Urbano El Bosque,2019,11,Agelasticus thilius,Alternative Song,41.56371882086168,42.99755102040816,1205.859375,7235.15625,present,https://s3.amazonaws.com/arbimon2/project_2770/detections/10555/11_11.png,1573848000000,,0.3733465937838089,22308
2149,168359924,MON_20191115_200000.p1.flac,Parque Urbano El Bosque,2019,11,Agelasticus thilius,Alternative Song,19.748571428571427,21.182403628117918,1205.859375,7235.15625,present,https://s3.amazonaws.com/arbimon2/project_2770/detections/10555/11_12.png,1573848000000,,0.3454720074737884,22308
2150,168359925,MON_20191116_060000.p1.flac,Parque Urbano El Bosque,2019,11,Agelasticus thilius,Alternative Song,37.680181405895695,39.114013605442175,1205.859375,7235.15625,present,https://s3.amazonaws.com/arbimon2/project_2770/detections/10555/11_13.png,1573884000000,,0.391016871759414,22308
2151,168359926,MON_20191116_060000.p1.flac,Parque Urbano El Bosque,2019,11,Agelasticus thilius,Alternative Song,21.2346485260771,22.66848072562358,1205.859375,7235.15625,present,https://s3.amazonaws.com/arbimon2/project_2770/detections/10555/11_14.png,1573884000000,,0.3700228210669548,22308
2152,168359927,MON_20191116_060000.p1.flac,Parque Urbano El Bosque,2019,11,Agelasticus thilius,Alternative Song,54.4043537414966,55.838185941043086,1205.859375,7235.15625,present,https://s3.amazonaws.com/arbimon2/project_2770/detections/10555/11_15.png,1573884000000,,0.3563395254288826,22308
2153,168359928,MON_20191116_060000.p2.flac,Parque Urbano El Bosque,2019,11,Agelasticus thilius,Alternative Song,32.78657596371882,34.220408163265304,1205.859375,7235.15625,present,https://s3.amazonaws.com/arbimon2/project_2770/detections/10555/11_16.png,1573884060000,,0.3155556736148406,22308
2154,168359929,MON_20191116_060000.p2.flac,Parque Urbano El Bosque,2019,11,Agelasticus thilius,Alternative Song,40.91936507936508,42.353197278911566,1205.859375,7235.15625,present,https://s3.amazonaws.com/arbimon2/project_2770/detections/10555/11_17.png,1573884060000,,0.2510087611377746,22308
2155,168359931,MON_20191116_060000.p3.flac,Parque Urbano El Bosque,2019,11,Agelasticus thilius,Alternative Song,42.91047619047619,44.34430839002268,1205.859375,7235.15625,present,https://s3.amazonaws.com/arbimon2/project_2770/detections/10555/11_19.png,1573884120000,,0.3098379636517023,22308
2156,168359932,MON_20191116_060000.p3.flac,Parque Urbano El Bosque,2019,11,Agelasticus thilius,Alternative Song,16.573242630385487,18.007074829931973,1205.859375,7235.15625,present,https://s3.amazonaws.com/arbimon2/project_2770/detections/10555/11_20.png,1573884120000,,0.2928576194977136,22308
2157,168359934,MON_20191116_060000.p4.flac,Parque Urbano El Bosque,2019,11,Agelasticus thilius,Alternative Song,38.96888888888889,40.40272108843537,1205.859375,7235.15625,present,https://s3.amazonaws.com/arbimon2/project_2770/detections/10555/11_22.png,1573884180000,,0.3332942348582094,22308
2158,168359935,MON_20191116_060000.p4.flac,Parque Urbano El Bosque,2019,11,Agelasticus thilius,Alternative Song,56.209705215419504,57.643537414965984,1205.859375,7235.15625,present,https://s3.amazonaws.com/arbimon2/project_2770/detections/10555/11_23.png,1573884180000,,0.3050831121710708,22308
2159,168359936,MON_20191116_060000.p4.flac,Parque Urbano El Bosque,2019,11,Agelasticus thilius,Alternative Song,25.007891156462584,26.44172335600907,1205.859375,7235.15625,present,https://s3.amazonaws.com/arbimon2/project_2770/detections/10555/11_24.png,1573884180000,,0.2929936580234964,22308
2160,168359937,MON_20191116_060000.p5.flac,Parque Urbano El Bosque,2019,11,Agelasticus thilius,Alternative Song,36.12444444444444,37.55827664399093,1205.859375,7235.15625,present,https://s3.amazonaws.com/arbimon2/project_2770/detections/10555/11_25.png,1573884240000,,0.3320368008049297,22308
2161,168359938,MON_20191116_060000.p5.flac,Parque Urbano El Bosque,2019,11,Agelasticus thilius,Alternative Song,40.88453514739229,42.31836734693878,1205.859375,7235.15625,present,https://s3.amazonaws.com/arbimon2/project_2770/detections/10555/11_26.png,1573884240000,,0.2719237297587548,22308
2162,168359946,MON_20191116_120000.p1.flac,Parque Urbano El Bosque,2019,11,Agelasticus thilius,Alternative Song,34.81832199546485,36.252154195011336,1205.859375,7235.15625,present,https://s3.amazonaws.com/arbimon2/project_2770/detections/10555/11_34.png,1573905600000,,0.310027198523231,22308
2163,168359948,MON_20191116_120000.p3.flac,Parque Urbano El Bosque,2019,11,Agelasticus thilius,Alternative Song,22.8368253968254,24.270657596371883,1205.859375,7235.15625,present,https://s3.amazonaws.com/arbimon2/project_2770/detections/10555/11_36.png,1573905720000,,0.2579399735427694,22308
2164,168359949,MON_20191116_120000.p2.flac,Parque Urbano El Bosque,2019,11,Agelasticus thilius,Alternative Song,27.411156462585037,28.84498866213152,1205.859375,7235.15625,present,https://s3.amazonaws.com/arbimon2/project_2770/detections/10555/11_37.png,1573905660000,,0.2879249918295961,22308
2165,168359951,MON_20191116_130000.p4.flac,Parque Urbano El Bosque,2019,11,Agelasticus thilius,Alternative Song,14.692426303854877,16.12625850340136,1205.859375,7235.15625,present,https://s3.amazonaws.com/arbimon2/project_2770/detections/10555/11_39.png,1573909380000,,0.2447375346619398,22308
2166,168359954,MON_20191116_160000.p3.flac,Parque Urbano El Bosque,2019,11,Agelasticus thilius,Alternative Song,0.7256235827664399,2.159455782312925,1205.859375,7235.15625,present,https://s3.amazonaws.com/arbimon2/project_2770/detections/10555/11_42.png,1573920120000,,0.3263820960474013,22308
2167,168359963,MON_20191117_080000.p4.flac,Parque Urbano El Bosque,2019,11,Agelasticus thilius,Alternative Song,28.65922902494331,30.093061224489794,1205.859375,7235.15625,present,https://s3.amazonaws.com/arbimon2/project_2770/detections/10555/11_51.png,1573977780000,,0.3256728449901728,22308
2168,168359964,MON_20191117_080000.p4.flac,Parque Urbano El Bosque,2019,11,Agelasticus thilius,Alternative Song,50.48018140589569,51.91401360544218,1205.859375,7235.15625,present,https://s3.amazonaws.com/arbimon2/project_2770/detections/10555/11_52.png,1573977780000,,0.2947681815765176,22308
2169,168359965,MON_20191117_080000.p4.flac,Parque Urbano El Bosque,2019,11,Agelasticus thilius,Alternative Song,8.016689342403629,9.450521541950112,1205.859375,7235.15625,present,https://s3.amazonaws.com/arbimon2/project_2770/detections/10555/11_53.png,1573977780000,,0.2870405609153365,22308
2170,168359966,MON_20191117_080000.p5.flac,Parque Urbano El Bosque,2019,11,Agelasticus thilius,Alternative Song,21.93124716553288,23.365079365079364,1205.859375,7235.15625,present,https://s3.amazonaws.com/arbimon2/project_2770/detections/10555/11_54.png,1573977840000,,0.2848692273898274,22308
2171,168359971,MON_20191117_110000.p1.flac,Parque Urbano El Bosque,2019,11,Agelasticus thilius,Alternative Song,17.217596371882085,18.65142857142857,1205.859375,7235.15625,present,https://s3.amazonaws.com/arbimon2/project_2770/detections/10555/11_59.png,1573988400000,,0.245652553134893,22308
2172,168359974,MON_20191117_120000.p1.flac,Parque Urbano El Bosque,2019,11,Agelasticus thilius,Alternative Song,48.709659863945575,50.14349206349206,1205.859375,7235.15625,present,https://s3.amazonaws.com/arbimon2/project_2770/detections/10555/11_62.png,1573992000000,,0.2575685852006163,22308
2173,168359976,MON_20191117_120000.p5.flac,Parque Urbano El Bosque,2019,11,Agelasticus thilius,Alternative Song,49.9287074829932,51.36253968253968,1205.859375,7235.15625,present,https://s3.amazonaws.com/arbimon2/project_2770/detections/10555/11_64.png,1573992240000,,0.2801922710490045,22308
2174,168359978,MON_20191117_160000.p1.flac,Parque Urbano El Bosque,2019,11,Agelasticus thilius,Alternative Song,51.92562358276644,53.35945578231293,1205.859375,7235.15625,present,https://s3.amazonaws.com/arbimon2/project_2770/detections/10555/11_66.png,1574006400000,,0.2518778494160015,22308
2175,168359979,MON_20191117_160000.p4.flac,Parque Urbano El Bosque,2019,11,Agelasticus thilius,Alternative Song,31.097324263038548,32.53115646258503,1205.859375,7235.15625,present,https://s3.amazonaws.com/arbimon2/project_2770/detections/10555/11_67.png,1574006580000,,0.2800349468202293,22308
2176,168359980,MON_20191117_160000.p5.flac,Parque Urbano El Bosque,2019,11,Agelasticus thilius,Alternative Song,9.926530612244898,11.360362811791385,1205.859375,7235.15625,present,https://s3.amazonaws.com/arbimon2/project_2770/detections/10555/11_68.png,1574006640000,,0.2837691687694189,22308
2177,168359982,MON_20191117_160000.p3.flac,Parque Urbano El Bosque,2019,11,Agelasticus thilius,Alternative Song,20.48580498866213,21.91963718820862,1205.859375,7235.15625,present,https://s3.amazonaws.com/arbimon2/project_2770/detections/10555/11_70.png,1574006520000,,0.3328491252935365,22308
2178,168359983,MON_20191117_160000.p3.flac,Parque Urbano El Bosque,2019,11,Agelasticus thilius,Alternative Song,58.17759637188209,59.61142857142857,1205.859375,7235.15625,present,https://s3.amazonaws.com/arbimon2/project_2770/detections/10555/11_71.png,1574006520000,,0.3188812624826695,22308
2179,168359984,MON_20191117_160000.p3.flac,Parque Urbano El Bosque,2019,11,Agelasticus thilius,Alternative Song,32.153832199546486,33.58766439909297,1205.859375,7235.15625,present,https://s3.amazonaws.com/arbimon2/project_2770/detections/10555/11_72.png,1574006520000,,0.3037119541986308,22308
2180,168359987,MON_20191117_200000.p5.flac,Parque Urbano El Bosque,2019,11,Agelasticus thilius,Alternative Song,33.5934693877551,35.02730158730159,1205.859375,7235.15625,present,https://s3.amazonaws.com/arbimon2/project_2770/detections/10555/11_75.png,1574021040000,,0.3204333197309347,22308
2181,168359988,MON_20191117_200000.p4.flac,Parque Urbano El Bosque,2019,11,Agelasticus thilius,Alternative Song,33.12326530612245,34.557097505668935,1205.859375,7235.15625,present,https://s3.amazonaws.com/arbimon2/project_2770/detections/10555/11_76.png,1574020980000,,0.2667300254926949,22308
2182,168360003,MON_20200126_080000.p3.flac,Parque Urbano El Bosque,2020,1,Agelasticus thilius,Alternative Song,38.09814058956916,39.53197278911565,1205.859375,7235.15625,present,https://s3.amazonaws.com/arbimon2/project_2770/detections/10555/39_14.png,1580025720000,,0.2499744969146541,22308
2183,168360012,MON_20191228_090000.p1.flac,Parque Urbano El Bosque,2019,12,Agelasticus thilius,Alternative Song,54.36952380952381,55.80335600907029,1205.859375,7235.15625,present,https://s3.amazonaws.com/arbimon2/project_2770/detections/10555/28_1.png,1577523600000,,0.3690944419921101,22308
2184,168360013,MON_20191228_090000.p1.flac,Parque Urbano El Bosque,2019,12,Agelasticus thilius,Alternative Song,41.73206349206349,43.165895691609975,1205.859375,7235.15625,present,https://s3.amazonaws.com/arbimon2/project_2770/detections/10555/28_2.png,1577523600000,,0.249991747606485,22308
2185,168360014,MON_20191228_090000.p5.flac,Parque Urbano El Bosque,2019,12,Agelasticus thilius,Alternative Song,56.755374149659865,58.18920634920635,1205.859375,7235.15625,present,https://s3.amazonaws.com/arbimon2/project_2770/detections/10555/28_3.png,1577523840000,,0.2817811284683026,22308
2186,168360015,MON_20191228_090000.p5.flac,Parque Urbano El Bosque,2019,12,Agelasticus thilius,Alternative Song,29.91891156462585,31.35274376417233,1205.859375,7235.15625,present,https://s3.amazonaws.com/arbimon2/project_2770/detections/10555/28_4.png,1577523840000,,0.2460424660274004,22308
2187,168360016,MON_20191228_100000.p5.flac,Parque Urbano El Bosque,2019,12,Agelasticus thilius,Alternative Song,20.53804988662132,21.9718820861678,1205.859375,7235.15625,present,https://s3.amazonaws.com/arbimon2/project_2770/detections/10555/28_5.png,1577527440000,,0.2705818401253338,22308
2188,168360020,MON_20191228_140000.p3.flac,Parque Urbano El Bosque,2019,12,Agelasticus thilius,Alternative Song,7.262040816326531,8.695873015873016,1205.859375,7235.15625,present,https://s3.amazonaws.com/arbimon2/project_2770/detections/10555/28_9.png,1577541720000,,0.3276099111615819,22308
2189,168360022,MON_20191228_150000.p4.flac,Parque Urbano El Bosque,2019,12,Agelasticus thilius,Alternative Song,21.08371882086168,22.517551020408163,1205.859375,7235.15625,present,https://s3.amazonaws.com/arbimon2/project_2770/detections/10555/28_11.png,1577545380000,,0.3524777994332987,22308
2190,168360023,MON_20191228_190000.p2.flac,Parque Urbano El Bosque,2019,12,Agelasticus thilius,Alternative Song,32.64725623582766,34.08108843537415,1205.859375,7235.15625,present,https://s3.amazonaws.com/arbimon2/project_2770/detections/10555/28_12.png,1577559660000,,0.3152689477436861,22308
2191,168360026,MON_20191228_190000.p3.flac,Parque Urbano El Bosque,2019,12,Agelasticus thilius,Alternative Song,0.6385487528344671,2.072380952380952,1205.859375,7235.15625,present,https://s3.amazonaws.com/arbimon2/project_2770/detections/10555/28_15.png,1577559720000,,0.2664123238056426,22308
2192,168360027,MON_20191228_190000.p1.flac,Parque Urbano El Bosque,2019,12,Agelasticus thilius,Alternative Song,32.00290249433107,33.436734693877554,1205.859375,7235.15625,present,https://s3.amazonaws.com/arbimon2/project_2770/detections/10555/28_16.png,1577559600000,,0.3117382482407319,22308
2193,168360031,MON_20191228_190000.p5.flac,Parque Urbano El Bosque,2019,12,Agelasticus thilius,Alternative Song,20.961814058956914,22.3956462585034,1205.859375,7235.15625,present,https://s3.amazonaws.com/arbimon2/project_2770/detections/10555/28_20.png,1577559840000,,0.2727882149573745,22308
2194,168360033,MON_20191228_200000.p4.flac,Parque Urbano El Bosque,2019,12,Agelasticus thilius,Alternative Song,44.919002267573696,46.35283446712018,1205.859375,7235.15625,present,https://s3.amazonaws.com/arbimon2/project_2770/detections/10555/28_22.png,1577563380000,,0.3026556225168292,22308
2195,168360035,MON_20191228_200000.p5.flac,Parque Urbano El Bosque,2019,12,Agelasticus thilius,Alternative Song,18.599183673469387,20.033015873015877,1205.859375,7235.15625,present,https://s3.amazonaws.com/arbimon2/project_2770/detections/10555/28_24.png,1577563440000,,0.2661805175062824,22308
2196,168360038,MON_20191228_210000.p2.flac,Parque Urbano El Bosque,2019,12,Agelasticus thilius,Alternative Song,20.375510204081632,21.80934240362812,1205.859375,7235.15625,present,https://s3.amazonaws.com/arbimon2/project_2770/detections/10555/28_27.png,1577566860000,,0.2781529410032783,22308
2197,168360039,MON_20191228_210000.p2.flac,Parque Urbano El Bosque,2019,12,Agelasticus thilius,Alternative Song,9.09061224489796,10.524444444444445,1205.859375,7235.15625,present,https://s3.amazonaws.com/arbimon2/project_2770/detections/10555/28_28.png,1577566860000,,0.2488749595640003,22308
2198,168360040,MON_20191228_210000.p5.flac,Parque Urbano El Bosque,2019,12,Agelasticus thilius,Alternative Song,50.1318820861678,51.565714285714286,1205.859375,7235.15625,present,https://s3.amazonaws.com/arbimon2/project_2770/detections/10555/28_29.png,1577567040000,,0.3434620286049651,22308
2199,168360043,MON_20191229_060000.p2.flac,Parque Urbano El Bosque,2019,12,Agelasticus thilius,Alternative Song,50.65433106575964,52.08816326530612,1205.859375,7235.15625,present,https://s3.amazonaws.com/arbimon2/project_2770/detections/10555/28_32.png,1577599260000,,0.2837884594881888,22308
2200,168360054,MON_20191229_120000.p4.flac,Parque Urbano El Bosque,2019,12,Agelasticus thilius,Alternative Song,18.500498866213157,19.93433106575964,1205.859375,7235.15625,present,https://s3.amazonaws.com/arbimon2/project_2770/detections/10555/28_43.png,1577620980000,,0.2493503671827414,22308
2201,168360059,MON_20191229_130000.p1.flac,Parque Urbano El Bosque,2019,12,Agelasticus thilius,Alternative Song,38.64380952380952,40.07764172335601,1205.859375,7235.15625,present,https://s3.amazonaws.com/arbimon2/project_2770/detections/10555/28_48.png,1577624400000,,0.2670201789110621,22308
2202,168360062,MON_20191230_070000.p4.flac,Parque Urbano El Bosque,2019,12,Agelasticus thilius,Alternative Song,5.381224489795918,6.815056689342404,1205.859375,7235.15625,present,https://s3.amazonaws.com/arbimon2/project_2770/detections/10555/28_51.png,1577689380000,,0.2459062072567152,22308
2203,168360064,MON_20191230_080000.p5.flac,Parque Urbano El Bosque,2019,12,Agelasticus thilius,Alternative Song,25.512925170068023,26.946757369614517,1205.859375,7235.15625,present,https://s3.amazonaws.com/arbimon2/project_2770/detections/10555/28_53.png,1577693040000,,0.252239474455416,22308
2204,168360116,MON_20191208_210000.p1.flac,Parque Urbano El Bosque,2019,12,Agelasticus thilius,Alternative Song,43.090430839002266,44.52426303854875,1205.859375,7235.15625,present,https://s3.amazonaws.com/arbimon2/project_2770/detections/10555/20_15.png,1575838800000,,0.2744999490807007,22308
2205,168360117,MON_20191208_210000.p1.flac,Parque Urbano El Bosque,2019,12,Agelasticus thilius,Alternative Song,21.35655328798186,22.790385487528344,1205.859375,7235.15625,present,https://s3.amazonaws.com/arbimon2/project_2770/detections/10555/20_16.png,1575838800000,,0.2683078667679435,22308
2206,168360206,MON_20191123_060000.p2.flac,Parque Urbano El Bosque,2019,11,Agelasticus thilius,Alternative Song,43.549024943310656,44.98285714285714,1205.859375,7235.15625,present,https://s3.amazonaws.com/arbimon2/project_2770/detections/10555/14_0.png,1574488860000,,0.2517769078553168,22308
2207,168360207,MON_20191123_060000.p1.flac,Parque Urbano El Bosque,2019,11,Agelasticus thilius,Alternative Song,28.374784580498865,29.80861678004535,1205.859375,7235.15625,present,https://s3.amazonaws.com/arbimon2/project_2770/detections/10555/14_1.png,1574488800000,,0.2804006368652767,22308
2208,168360211,MON_20191123_080000.p1.flac,Parque Urbano El Bosque,2019,11,Agelasticus thilius,Alternative Song,8.277913832199546,9.711746031746031,1205.859375,7235.15625,present,https://s3.amazonaws.com/arbimon2/project_2770/detections/10555/14_5.png,1574496000000,,0.2564386117687146,22308
2209,168360212,MON_20191123_080000.p3.flac,Parque Urbano El Bosque,2019,11,Agelasticus thilius,Alternative Song,55.25768707482993,56.69151927437642,1205.859375,7235.15625,present,https://s3.amazonaws.com/arbimon2/project_2770/detections/10555/14_6.png,1574496120000,,0.2652082845136379,22308
2210,168360219,MON_20191123_150000.p2.flac,Parque Urbano El Bosque,2019,11,Agelasticus thilius,Alternative Song,12.132426303854876,13.56625850340136,1205.859375,7235.15625,present,https://s3.amazonaws.com/arbimon2/project_2770/detections/10555/14_13.png,1574521260000,,0.2490719248788264,22308
2211,168360224,MON_20191123_190000.p3.flac,Parque Urbano El Bosque,2019,11,Agelasticus thilius,Alternative Song,13.397913832199546,14.831746031746032,1205.859375,7235.15625,present,https://s3.amazonaws.com/arbimon2/project_2770/detections/10555/14_18.png,1574535720000,,0.2820838932586532,22308
2212,168360225,MON_20191123_190000.p3.flac,Parque Urbano El Bosque,2019,11,Agelasticus thilius,Alternative Song,29.39646258503401,30.8302947845805,1205.859375,7235.15625,present,https://s3.amazonaws.com/arbimon2/project_2770/detections/10555/14_19.png,1574535720000,,0.2714937609638019,22308
2213,168360226,MON_20191123_190000.p4.flac,Parque Urbano El Bosque,2019,11,Agelasticus thilius,Alternative Song,31.79972789115646,33.233560090702944,1205.859375,7235.15625,present,https://s3.amazonaws.com/arbimon2/project_2770/detections/10555/14_20.png,1574535780000,,0.2679037866248517,22308
2214,168360231,MON_20191123_200000.p2.flac,Parque Urbano El Bosque,2019,11,Agelasticus thilius,Alternative Song,52.935691609977326,54.36952380952381,1205.859375,7235.15625,present,https://s3.amazonaws.com/arbimon2/project_2770/detections/10555/14_25.png,1574539260000,,0.3046095039138951,22308
2215,168360234,MON_20191124_060000.p1.flac,Parque Urbano El Bosque,2019,11,Agelasticus thilius,Alternative Song,43.08462585034014,44.51845804988662,1205.859375,7235.15625,present,https://s3.amazonaws.com/arbimon2/project_2770/detections/10555/14_28.png,1574575200000,,0.2888115376542883,22308
2216,168360235,MON_20191124_060000.p1.flac,Parque Urbano El Bosque,2019,11,Agelasticus thilius,Alternative Song,24.479637188208617,25.913469387755104,1205.859375,7235.15625,present,https://s3.amazonaws.com/arbimon2/project_2770/detections/10555/14_29.png,1574575200000,,0.2555305451259278,22308
2217,168360238,MON_20191124_060000.p3.flac,Parque Urbano El Bosque,2019,11,Agelasticus thilius,Alternative Song,44.756462585034015,46.1902947845805,1205.859375,7235.15625,present,https://s3.amazonaws.com/arbimon2/project_2770/detections/10555/14_32.png,1574575320000,,0.2510497831912402,22308
2218,168360242,MON_20191124_070000.p1.flac,Parque Urbano El Bosque,2019,11,Agelasticus thilius,Alternative Song,47.32226757369615,48.75609977324263,1205.859375,7235.15625,present,https://s3.amazonaws.com/arbimon2/project_2770/detections/10555/14_36.png,1574578800000,,0.2820178304511457,22308
2219,168360245,MON_20191124_070000.p2.flac,Parque Urbano El Bosque,2019,11,Agelasticus thilius,Alternative Song,45.92907029478458,47.36290249433107,1205.859375,7235.15625,present,https://s3.amazonaws.com/arbimon2/project_2770/detections/10555/14_39.png,1574578860000,,0.2969457329104866,22308
2220,168360246,MON_20191124_070000.p5.flac,Parque Urbano El Bosque,2019,11,Agelasticus thilius,Alternative Song,6.0778231292517,7.511655328798186,1205.859375,7235.15625,present,https://s3.amazonaws.com/arbimon2/project_2770/detections/10555/14_40.png,1574579040000,,0.2771827594677405,22308
2221,168360247,MON_20191124_070000.p3.flac,Parque Urbano El Bosque,2019,11,Agelasticus thilius,Alternative Song,13.21215419501134,14.645986394557823,1205.859375,7235.15625,present,https://s3.amazonaws.com/arbimon2/project_2770/detections/10555/14_41.png,1574578920000,,0.2645166770994572,22308
2222,168360261,MON_20191124_130000.p1.flac,Parque Urbano El Bosque,2019,11,Agelasticus thilius,Alternative Song,16.329433106575962,17.76326530612245,1205.859375,7235.15625,present,https://s3.amazonaws.com/arbimon2/project_2770/detections/10555/14_55.png,1574600400000,,0.3109364049764999,22308
2223,168360268,MON_20191125_080000.p2.flac,Parque Urbano El Bosque,2019,11,Agelasticus thilius,Alternative Song,51.507664399092974,52.94149659863945,1205.859375,7235.15625,present,https://s3.amazonaws.com/arbimon2/project_2770/detections/10555/14_62.png,1574668860000,,0.2773540163011703,22308
2224,168360269,MON_20191125_080000.p2.flac,Parque Urbano El Bosque,2019,11,Agelasticus thilius,Alternative Song,1.840181405895692,3.274013605442177,1205.859375,7235.15625,present,https://s3.amazonaws.com/arbimon2/project_2770/detections/10555/14_63.png,1574668860000,,0.2516281520023991,22308
2225,168360272,MON_20191125_090000.p2.flac,Parque Urbano El Bosque,2019,11,Agelasticus thilius,Alternative Song,16.55002267573696,17.98385487528345,1205.859375,7235.15625,present,https://s3.amazonaws.com/arbimon2/project_2770/detections/10555/14_66.png,1574672460000,,0.2759750535110019,22308
2226,168360273,MON_20191125_110000.p1.flac,Parque Urbano El Bosque,2019,11,Agelasticus thilius,Alternative Song,32.69369614512472,34.127528344671205,1205.859375,7235.15625,present,https://s3.amazonaws.com/arbimon2/project_2770/detections/10555/14_67.png,1574679600000,,0.32663862333761,22308
2227,168360283,MON_20191224_070000.p3.flac,Parque Urbano El Bosque,2019,12,Agelasticus thilius,Alternative Song,15.348390022675735,16.782222222222224,1205.859375,7235.15625,present,https://s3.amazonaws.com/arbimon2/project_2770/detections/10555/26_5.png,1577170920000,,0.2646820239842538,22308
2228,168360285,MON_20191224_070000.p4.flac,Parque Urbano El Bosque,2019,12,Agelasticus thilius,Alternative Song,39.58421768707483,41.01804988662131,1205.859375,7235.15625,present,https://s3.amazonaws.com/arbimon2/project_2770/detections/10555/26_7.png,1577170980000,,0.2792252722045495,22308
2229,168360286,MON_20191224_070000.p4.flac,Parque Urbano El Bosque,2019,12,Agelasticus thilius,Alternative Song,23.881723356009072,25.315555555555555,1205.859375,7235.15625,present,https://s3.amazonaws.com/arbimon2/project_2770/detections/10555/26_8.png,1577170980000,,0.2742051290212852,22308
2230,168360311,MON_20191128_060000.p1.flac,Parque Urbano El Bosque,2019,11,Agelasticus thilius,Alternative Song,40.15891156462585,41.59274376417233,1205.859375,7235.15625,present,https://s3.amazonaws.com/arbimon2/project_2770/detections/10555/16_0.png,1574920800000,,0.3525963968054281,22308
2231,168360313,MON_20191128_060000.p3.flac,Parque Urbano El Bosque,2019,11,Agelasticus thilius,Alternative Song,2.693514739229025,4.12734693877551,1205.859375,7235.15625,present,https://s3.amazonaws.com/arbimon2/project_2770/detections/10555/16_2.png,1574920920000,,0.2927931166474858,22308
2232,168360315,MON_20191128_060000.p3.flac,Parque Urbano El Bosque,2019,11,Agelasticus thilius,Alternative Song,40.867120181405895,42.30095238095238,1205.859375,7235.15625,present,https://s3.amazonaws.com/arbimon2/project_2770/detections/10555/16_4.png,1574920920000,,0.2463048737699809,22308
2233,168360320,MON_20191128_090000.p4.flac,Parque Urbano El Bosque,2019,11,Agelasticus thilius,Alternative Song,22.14022675736961,23.5740589569161,1205.859375,7235.15625,present,https://s3.amazonaws.com/arbimon2/project_2770/detections/10555/16_9.png,1574931780000,,0.2478963481638424,22308
2234,168360321,MON_20191128_100000.p4.flac,Parque Urbano El Bosque,2019,11,Agelasticus thilius,Alternative Song,17.26984126984127,18.70367346938776,1205.859375,7235.15625,present,https://s3.amazonaws.com/arbimon2/project_2770/detections/10555/16_10.png,1574935380000,,0.2482195864879809,22308
2235,168360324,MON_20191128_180000.p5.flac,Parque Urbano El Bosque,2019,11,Agelasticus thilius,Alternative Song,56.64507936507937,58.07891156462585,1205.859375,7235.15625,present,https://s3.amazonaws.com/arbimon2/project_2770/detections/10555/16_13.png,1574964240000,,0.4013095579938221,22308
2236,168360325,MON_20191128_190000.p4.flac,Parque Urbano El Bosque,2019,11,Agelasticus thilius,Alternative Song,51.62956916099773,53.06340136054422,1205.859375,7235.15625,present,https://s3.amazonaws.com/arbimon2/project_2770/detections/10555/16_14.png,1574967780000,,0.3000187163856448,22308
2237,168360329,MON_20191129_100000.p5.flac,Parque Urbano El Bosque,2019,11,Agelasticus thilius,Alternative Song,50.10285714285714,51.536689342403626,1205.859375,7235.15625,present,https://s3.amazonaws.com/arbimon2/project_2770/detections/10555/16_18.png,1575021840000,,0.3213760954763728,22308
2238,168360330,MON_20191129_110000.p3.flac,Parque Urbano El Bosque,2019,11,Agelasticus thilius,Alternative Song,48.40780045351474,49.841632653061225,1205.859375,7235.15625,present,https://s3.amazonaws.com/arbimon2/project_2770/detections/10555/16_19.png,1575025320000,,0.3910023524135045,22308
2239,168360331,MON_20191129_110000.p3.flac,Parque Urbano El Bosque,2019,11,Agelasticus thilius,Alternative Song,15.226485260770977,16.66031746031746,1205.859375,7235.15625,present,https://s3.amazonaws.com/arbimon2/project_2770/detections/10555/16_20.png,1575025320000,,0.3027693477948603,22308
2240,168360333,MON_20191129_110000.p5.flac,Parque Urbano El Bosque,2019,11,Agelasticus thilius,Alternative Song,7.360725623582766,8.794557823129251,1205.859375,7235.15625,present,https://s3.amazonaws.com/arbimon2/project_2770/detections/10555/16_22.png,1575025440000,,0.4326935267617254,22308
2241,168360336,MON_20191129_110000.p4.flac,Parque Urbano El Bosque,2019,11,Agelasticus thilius,Alternative Song,19.78920634920635,21.22303854875284,1205.859375,7235.15625,present,https://s3.amazonaws.com/arbimon2/project_2770/detections/10555/16_25.png,1575025380000,,0.3440530851986009,22308
2242,168360337,MON_20191129_160000.p3.flac,Parque Urbano El Bosque,2019,11,Agelasticus thilius,Alternative Song,48.03628117913832,49.47011337868481,1205.859375,7235.15625,present,https://s3.amazonaws.com/arbimon2/project_2770/detections/10555/16_26.png,1575043320000,,0.3417767681612517,22308
2243,168360338,MON_20191129_160000.p5.flac,Parque Urbano El Bosque,2019,11,Agelasticus thilius,Alternative Song,44.75065759637188,46.18448979591837,1205.859375,7235.15625,present,https://s3.amazonaws.com/arbimon2/project_2770/detections/10555/16_27.png,1575043440000,,0.3525371869268577,22308
2244,168360340,MON_20191129_170000.p4.flac,Parque Urbano El Bosque,2019,11,Agelasticus thilius,Alternative Song,16.985396825396826,18.41922902494331,1205.859375,7235.15625,present,https://s3.amazonaws.com/arbimon2/project_2770/detections/10555/16_29.png,1575046980000,,0.2973052355476611,22308
2245,168360350,MON_20191130_060000.p3.flac,Parque Urbano El Bosque,2019,11,Agelasticus thilius,Alternative Song,18.546938775510203,19.98077097505669,1205.859375,7235.15625,present,https://s3.amazonaws.com/arbimon2/project_2770/detections/10555/16_39.png,1575093720000,,0.3474288442862939,22308
2246,168360351,MON_20191130_070000.p2.flac,Parque Urbano El Bosque,2019,11,Agelasticus thilius,Alternative Song,30.38331065759637,31.81714285714286,1205.859375,7235.15625,present,https://s3.amazonaws.com/arbimon2/project_2770/detections/10555/16_40.png,1575097260000,,0.309098072277375,22308
2247,168360356,MON_20191130_090000.p2.flac,Parque Urbano El Bosque,2019,11,Agelasticus thilius,Alternative Song,52.72090702947846,54.15473922902494,1205.859375,7235.15625,present,https://s3.amazonaws.com/arbimon2/project_2770/detections/10555/16_45.png,1575104460000,,0.2784364375794275,22308
2248,168360357,MON_20191130_090000.p3.flac,Parque Urbano El Bosque,2019,11,Agelasticus thilius,Alternative Song,19.017142857142854,20.45097505668934,1205.859375,7235.15625,present,https://s3.amazonaws.com/arbimon2/project_2770/detections/10555/16_46.png,1575104520000,,0.3191812687792826,22308
2249,168360425,MON_20200106_120000.p4.flac,Parque Urbano El Bosque,2020,1,Agelasticus thilius,Alternative Song,1.1203628117913833,2.5541950113378684,1205.859375,7235.15625,present,https://s3.amazonaws.com/arbimon2/project_2770/detections/10555/31_30.png,1578312180000,,0.2591258222343996,22308
2250,168360428,MON_20200106_190000.p2.flac,Parque Urbano El Bosque,2020,1,Agelasticus thilius,Alternative Song,50.0215873015873,51.45541950113379,1205.859375,7235.15625,present,https://s3.amazonaws.com/arbimon2/project_2770/detections/10555/31_33.png,1578337260000,,0.2632760099223467,22308
